10000
1 457195258
1 599815942
2
1 618245704
3
3
1 858351780
1 675701964
1 20413511
2
1 464784369
1 808281803
3
1 963943212
1 704262331
1 789783636
1 624169949
2
1 47112084
1 524241458
1 15275045
2
1 729492535
1 736435730
1 646271125
1 500479232
1 324414711
1 691779750
1 583350015
1 835516958
2
1 599948156
3
1 290403914
1 982969687
1 300782937
3
1 652052383
1 644417963
1 849007579
1 962697478
1 391323487
1 71239428
1 271887284
1 868108702
3
1 736795860
1 515900361
1 98776623
3
1 977059479
3
1 331420213
1 874107174
1 275157515
1 533995762
1 898234306
2
1 551714518
1 889737483
1 613970520
2
2
1 363557317
1 443892237
3
1 468674735
3
1 376164644
1 756348415
3
3
1 471272428
1 656025378
1 287542681
1 281098347
1 632769674
1 90842897
1 315947189
1 525411418
1 596185794
1 444551008
1 533003851
1 523972942
3
1 27289770
1 32387555
1 48385786
1 880325790
2
2
3
1 277157478
2
1 335525007
2
1 190812631
2
1 118562767
1 297389913
3
1 974979726
2
1 71577903
1 904813232
1 41173253
1 906146317
3
3
1 452971624
2
2
1 735072449
2
1 460917321
3
1 871430935
1 33870224
1 948235291
1 915141361
1 734038098
1 436758689
1 718093484
1 418440714
1 641475486
1 298221624
1 748072282
1 242976279
1 882807319
3
1 558524479
1 581685682
1 307259294
1 364850053
1 117172961
1 944967613
1 609613920
1 621806627
1 361870692
2
1 668373793
2
3
1 14396802
1 907171965
3
1 217181156
1 159992567
1 321149835
1 9079874
1 273148951
1 839728300
1 837312448
1 254589372
3
2
1 270895819
1 414446839
1 806296387
1 231025515
1 210560738
3
1 461822402
1 953236385
1 522521332
1 88568831
1 349371450
1 438847418
1 754864814
3
1 999985467
1 18565899
1 424653721
2
1 257463744
1 723109121
2
1 340852246
3
1 24950263
1 252204105
3
1 961141191
2
1 628339087
2
1 889221464
1 113674996
2
1 455841419
1 353662720
1 113361181
1 621009000
1 638731536
1 608520743
1 536444942
3
1 184988582
1 184073793
3
1 322553915
1 634374506
1 122984423
1 695125070
1 713253912
3
2
2
1 70792329
1 744730133
2
2
1 436937140
1 245630221
3
1 156648277
1 115327902
1 189292141
1 517698974
1 29580862
1 264124302
1 273701415
2
3
1 864693225
1 937890531
1 630826985
2
3
1 138556267
1 683978105
1 51340504
1 408489409
1 685150712
1 242677068
1 805530168
1 337758380
1 493974245
1 299081848
1 111788911
1 880826762
1 57843623
3
1 695467161
1 369132492
1 322786779
3
1 117560818
1 983080848
1 389739126
1 41193752
1 24835351
1 172485092
1 953631100
1 448174929
1 743281993
1 935269599
1 587793000
2
1 891939292
1 464212451
3
1 114637062
1 639167626
1 828697569
1 939595520
1 132587332
3
3
1 911222305
1 651238031
1 496467758
1 542850208
3
3
1 177317784
1 993470191
1 928453990
1 187975704
1 550284447
1 817202389
1 74830520
1 830072935
1 101021257
1 255660877
2
3
3
1 802393210
2
1 543115490
1 680512500
1 86842652
1 558081208
3
1 742392646
1 77038567
1 612948473
1 636655435
1 497295190
1 469116662
2
2
1 893507908
3
1 726854303
2
1 663533180
1 317368679
1 421454574
1 261936363
1 372968571
3
2
2
1 433076309
1 413235884
1 979546110
3
2
2
1 639008429
1 480515849
1 613847205
1 478653636
1 480699443
1 491881113
2
1 744952528
3
1 638502398
1 370027748
3
1 390517186
2
1 301006934
1 776478268
2
3
1 537099348
2
1 625191100
2
3
2
1 11174011
1 775577968
2
1 568132542
1 194954058
3
2
1 885867318
1 951913930
1 183695922
1 105212790
1 939341305
2
2
1 993344262
1 650977400
1 11220186
1 380531292
3
1 501846729
3
1 816649559
1 561860170
1 905807431
1 523859948
1 916394763
2
1 875330891
1 426776691
1 271300138
1 349948843
1 416027083
1 502843790
2
1 794549038
1 53070269
1 717501759
1 771009800
3
1 358701780
1 179771058
1 586359380
3
1 519536807
2
1 456351849
1 248845152
1 515317290
1 955594275
1 370219620
1 971878482
1 898103633
1 474066327
1 364925979
2
1 930430600
1 618413746
3
1 782209062
1 857222924
1 687602357
1 822787176
1 576519741
1 341044020
3
2
1 493156166
1 138848570
1 995511301
1 206406029
1 638441130
1 166734613
2
1 532578469
1 585537069
2
1 649616102
1 104041666
2
1 286427055
1 993252991
1 499338263
1 473794631
1 300218044
1 380008607
3
1 141984455
2
2
1 82848656
3
1 275051197
2
1 734541256
1 627507330
1 408655124
1 254354840
3
1 872847197
1 700994913
2
1 984023570
1 844109311
1 448304654
1 42947614
1 484007096
3
1 381510428
1 785077362
1 510856305
2
2
1 830343773
3
1 549564111
1 260621741
1 51492706
1 646750747
1 557721399
1 373485403
3
1 938713650
1 53312768
3
1 320436729
2
1 889614687
1 755451916
1 206873247
1 685893603
1 594190675
1 668256180
1 55232991
1 747437981
1 724760746
3
2
1 153724509
2
1 627332608
1 456739075
1 392966006
2
1 161825887
1 876315800
3
2
1 333987943
1 893238192
1 769448710
3
1 943144300
2
1 70523230
1 994147466
1 720018870
1 879580318
1 982260187
3
1 439633758
3
3
1 211515111
1 490396266
1 594026472
2
1 551382249
1 947342265
1 392134808
1 275270702
2
1 240508070
1 805819337
1 59777802
2
1 553785641
3
1 158333286
1 905872676
1 578952770
2
2
1 261191116
2
2
1 796320031
3
3
1 37860485
1 839548569
1 996609982
1 498408183
1 563480632
3
2
1 744328535
3
3
1 549332142
1 661421173
1 679650884
1 872610449
1 506941648
3
1 960798180
3
1 261508049
1 895256742
1 861970876
1 687021338
1 40354087
1 411353945
3
2
2
1 769925534
1 671478138
1 279728689
1 929979533
3
1 809913917
1 81230229
2
1 606277079
1 165838859
1 767225470
1 936869825
2
1 497588420
1 139883351
3
2
1 133275798
3
1 188285383
2
1 419757323
1 644030521
1 608633375
1 29724664
1 283809339
2
1 284208545
3
1 832540161
1 832724964
3
1 551564067
2
1 441743269
3
3
1 724030475
1 779874029
1 526932646
1 827797599
1 814873835
2
1 199073769
2
1 578616035
3
1 957375076
2
1 307745116
3
2
3
1 739919921
1 285845308
1 629843739
1 273674187
3
2
1 812439961
2
1 548354380
1 785771433
2
1 97043998
2
1 147457451
1 22424682
2
1 45586489
1 416922079
1 944602169
1 463818654
3
1 805387552
1 9622853
1 391711262
1 738250970
1 152003858
1 368750578
1 129779346
3
1 333071910
2
1 300321460
3
1 596358993
1 657163602
1 179242253
3
1 734893536
1 87359725
1 401474188
1 825656763
1 887721212
2
1 441933714
3
3
1 518136913
2
1 284157619
1 339961852
2
3
3
2
2
1 144973861
1 920845688
2
1 176216902
1 250471417
3
1 67721313
1 55064733
1 84709165
2
3
3
1 122832618
1 394278757
1 345319425
1 904092642
1 849968139
1 368469549
3
1 666343378
1 515849790
3
1 973895974
1 919889937
1 642657121
2
3
1 561334018
1 997397389
1 763806714
1 369077627
1 294680463
1 871377772
1 753730200
1 456028311
1 722655167
1 863452967
1 827803582
1 925922936
2
1 869496215
1 143323508
3
2
1 449951614
1 679016811
1 862630405
2
1 899930694
1 880259172
1 836254484
1 190778429
3
3
2
1 771397710
1 330540091
2
3
1 223116509
3
1 334223849
3
1 674750573
3
3
2
2
1 106849280
1 514997027
1 473485980
3
1 966849817
3
1 7358998
1 815951832
2
3
1 602017591
1 329147386
3
1 755408619
3
1 300657472
3
2
2
1 885697186
2
2
1 456715010
1 896598791
1 109424784
3
2
1 819748565
1 926256453
3
1 246365
2
1 52050164
1 14729837
3
2
1 357834614
1 11084418
2
1 922552781
2
1 796773795
3
1 410062425
3
1 306732583
1 771494587
3
1 703029523
2
1 842243142
2
3
2
1 689596644
1 218201768
1 853174673
1 281721749
1 133876637
3
1 409340646
3
1 955810092
1 659076918
2
1 81565417
1 658521240
3
1 182289857
1 528015079
1 642708684
1 389920966
2
3
1 598584126
1 917051648
1 230006978
1 689906849
1 892282826
1 355016613
1 279068943
1 385340351
2
1 553663222
3
3
1 158100697
1 77968412
2
2
2
1 701677034
1 502855230
1 174330801
1 433192975
3
1 254863441
1 864820164
1 646490168
1 375626353
2
1 440314132
1 318535000
2
2
1 828129812
1 201222423
1 643092863
1 628454044
3
1 673699308
3
1 261380899
2
2
1 125593795
1 419424851
2
1 845059221
3
3
3
1 934775893
1 865258869
3
1 586585564
1 896942695
1 379796647
1 539904511
1 264362905
1 666773363
1 936696977
3
1 266400653
1 775326167
1 197263683
2
1 485206934
1 500558681
2
1 239656611
1 802061632
3
1 590003693
2
1 533471550
1 280938351
1 51906765
1 659009267
1 764605256
1 802717056
1 774616636
1 473354701
2
1 184579963
1 719301977
1 459269501
1 218959352
1 650891281
1 811539609
1 15317339
1 405714866
2
2
3
1 569684761
3
3
1 789886020
1 574305964
1 298514700
1 789934021
3
1 840298096
2
2
1 228798358
1 255401765
1 522016759
1 520231677
2
3
1 626865551
1 430233583
1 71848115
1 287199049
1 216525909
1 342134753
1 602739378
1 187402933
1 998037656
2
1 613718359
1 408873271
1 720154581
1 672609556
1 516967413
3
1 647906511
1 38900666
3
3
2
2
1 284430670
1 14850169
1 308470649
3
3
1 701341144
1 472721015
2
3
3
3
2
1 266745183
1 371517650
1 891995064
2
1 864826645
3
1 181779966
1 179295066
1 421437519
1 544353986
1 17798880
1 978170277
1 184840571
2
2
1 5323214
1 672362934
1 820368297
1 728325395
2
3
1 66987210
1 279795037
1 636195160
1 557854656
1 893393980
1 112953660
2
1 910056006
1 701823267
1 367886855
3
1 6103611
2
2
1 423021135
3
2
1 654578705
2
3
1 872993353
1 42228265
1 26129030
3
1 92496223
2
1 378763169
1 776503430
2
1 381942134
1 868330137
1 685600400
1 804605327
1 360124344
3
3
1 583917008
1 527786931
1 384814573
3
1 384058693
1 366282981
1 537608096
1 690139587
1 436987038
1 259165391
1 825815705
2
1 568004551
1 608080808
1 785989674
1 659260660
2
2
2
1 211877483
3
2
1 266187539
1 134430673
1 110681495
1 284338175
2
1 753098878
1 977417458
2
1 370087994
2
1 333096368
2
2
3
3
2
1 589360447
1 517715054
1 324777992
1 545530910
1 990921373
3
1 264883429
3
1 875260626
1 383473441
1 479005409
2
2
3
1 453026790
1 265055348
1 545798110
1 305393278
1 806100734
1 106357799
1 615352791
1 732304145
3
1 565572885
2
2
2
1 568999953
1 443427041
1 141409030
1 338897406
2
1 196098511
1 369113444
3
3
3
1 317480567
1 913879564
1 931245162
1 123729198
3
3
1 668559351
3
1 453006679
1 180915418
3
3
1 47042905
2
1 212637100
1 211148506
1 780910846
1 41037581
3
1 647329131
3
1 950372172
3
1 593672918
3
2
1 365868407
1 304796496
1 478876388
1 486691860
2
1 554027241
1 687104474
1 211768223
3
1 353015125
2
1 777728291
1 472093986
1 923212966
1 692088029
1 944184185
1 111621020
1 13539823
1 14450642
1 343472045
3
1 127876929
3
2
1 541231977
3
2
1 887961355
2
2
1 446682859
1 951167503
2
1 516073756
3
1 797907317
3
1 240107763
1 229971634
2
3
1 475578072
2
2
1 341563325
1 721366645
2
1 567261358
2
1 604775996
2
1 911076158
1 718428384
1 348217855
1 672720442
1 34397317
1 172614216
1 230364839
2
3
2
3
1 994007147
2
2
3
2
1 230099025
1 244655853
1 475591494
1 833801521
2
2
1 988140946
1 712302133
2
2
1 426903931
1 168718911
1 495170667
1 514131948
1 844045934
3
1 870445943
1 10804973
1 56941190
1 819436648
1 91951261
2
1 242861107
1 37543776
1 809830723
1 303926093
1 781380993
1 635206007
3
1 795752181
2
2
1 122421814
3
1 122382102
1 313172456
3
1 24610128
1 470486219
1 522220490
3
1 942450672
1 574079342
1 723151636
1 181215335
1 543440027
1 666507674
2
1 422624096
1 947945157
2
1 95717202
1 475643875
1 460178351
1 626510915
1 132164212
3
1 937561595
3
3
1 740603298
1 660996732
1 129874700
1 564985885
3
3
3
1 476669522
2
3
1 350811044
1 329960650
1 471239809
3
1 166323832
1 657468679
1 63844491
1 59821906
1 425055491
1 661141195
1 574932144
1 700947969
2
1 576786267
1 352590546
1 127588393
3
1 726633721
1 176632458
1 541578909
1 306537959
3
2
1 892543029
1 609566759
3
1 227093073
3
2
1 977262349
2
1 784282563
2
1 787321153
1 806829606
1 597892552
1 512538291
1 949398864
1 967151970
1 476456365
1 375692721
2
1 837158851
1 228578583
2
1 554819688
3
1 803397530
1 561493992
2
3
1 910857261
1 21519321
2
2
1 655930143
3
2
1 662025673
1 654552120
3
3
1 808016363
1 490716627
1 922106746
3
3
1 562799633
1 667483519
1 946004780
2
3
1 719390940
1 84530037
1 108704256
1 53385524
1 999252621
3
3
1 159210439
1 580188380
1 107972741
1 270538884
1 657831792
1 625961120
2
3
1 567116941
1 764633868
1 772623129
1 477823081
1 88884931
1 322319820
1 863508990
1 359293623
1 791287150
2
2
1 80889896
1 964434958
3
2
1 791661849
1 173887889
2
1 658602804
2
1 122014631
1 959416655
3
2
3
1 858367799
1 409537173
1 972381232
1 831276346
1 587892414
2
2
1 306155676
1 980378030
3
3
3
1 367769702
1 684068014
1 688028837
1 421407517
1 307897075
1 590058145
2
1 735676171
1 853896188
1 32059705
1 975685539
1 119482136
1 688479252
1 188312436
1 613368918
1 645984797
1 851804305
1 588718115
1 616831566
2
1 928327566
3
1 86465617
1 904034524
2
3
1 315765740
1 657192747
1 459833207
1 66676608
3
1 586098875
1 984667523
1 961359891
2
1 314417585
2
3
1 359929668
1 797033395
1 883850666
1 758984032
1 803665407
1 745876133
3
1 872078008
1 752172263
3
1 960128790
1 577475906
1 270090075
3
1 574328265
1 116521788
1 557282693
3
1 328331096
3
1 613718498
1 416701869
1 239480223
1 768108807
1 462486452
2
1 510341199
1 469908966
2
1 977086341
1 879312025
3
1 413450506
1 412175962
1 843050425
1 178890829
2
1 544620609
2
2
1 723118661
1 826585351
2
3
1 568154611
2
1 68663744
2
3
3
1 819329633
2
1 35105546
3
3
1 886541829
1 210084065
1 533629071
3
1 17490671
1 293895586
1 991963883
1 51589678
3
1 821470921
1 1399164
1 819752604
2
2
2
2
1 872649935
1 253264285
1 459130032
1 423257094
1 574019489
1 464979915
1 350841210
1 119135950
2
1 276865981
3
1 360852405
1 540587297
1 753238772
1 738290689
1 556953942
3
1 284544731
1 211344417
2
2
1 152035246
1 404165778
1 338769356
1 441797243
1 839538919
1 511640526
1 283430621
1 175573562
1 227071806
1 813133376
1 538099596
1 955323251
1 404585340
2
1 632101757
1 759768537
1 267369384
1 821094795
1 325207146
1 597150642
1 244748221
1 61012048
3
1 179046505
3
1 943126632
1 980193284
1 151242973
3
1 813204869
3
1 877574757
1 54000717
3
2
1 400938353
3
3
2
1 309449166
1 173645734
1 240002179
2
3
1 573112451
1 80267971
1 59683968
1 918048601
3
2
2
3
1 950615849
2
1 657906413
1 224216669
2
1 805373286
1 252555083
1 34789495
1 607996590
3
1 112419274
1 635844549
2
1 988077701
1 949756379
1 624325770
1 941553187
1 366545053
3
3
2
1 837173884
1 238918346
1 1562433
1 978524280
1 42830508
1 765481472
1 726967525
1 983377556
1 661887416
2
1 848996551
2
1 642785463
1 902398471
1 452736627
1 767318915
3
1 646163101
1 830011807
1 258733538
2
2
1 61128763
1 232095671
1 585829956
1 937466161
3
1 257178700
1 961313454
3
1 114950308
2
1 270411792
3
1 995615186
1 236984297
3
2
2
1 432456091
1 299176162
1 506862586
2
1 508517008
1 130711825
3
1 520207844
1 34847392
1 484030933
1 49468881
3
1 579717680
1 883263415
1 269877895
1 551291441
1 325173907
1 845601604
1 683806251
1 685689130
1 631256824
1 482106637
1 887093942
1 901955912
1 311876977
1 702051754
2
1 396988901
1 268075328
1 498890587
3
1 742968867
1 204148401
2
1 117570205
1 56673077
2
1 368837038
1 708008659
2
1 889089153
1 638490702
1 567437227
2
3
1 311869833
1 421565918
1 613352784
1 641091292
2
3
2
1 988973963
2
1 310501309
3
3
1 150529194
1 976096788
1 725719122
1 873681251
1 555432239
1 880898060
1 97710430
2
2
2
1 470860292
1 962705554
1 140251050
1 206579344
1 620644062
1 983952598
1 6769366
1 498843625
1 411851129
1 928246307
1 103890851
1 292693486
2
1 728565996
3
2
1 338141509
3
1 759653687
3
1 689260343
3
1 103746466
3
1 94148484
1 855922734
3
3
1 401407795
1 135179219
1 430483581
3
1 747377199
1 713574372
1 633315399
1 690111195
1 467730173
2
1 185789667
3
1 658719446
1 491216411
2
3
1 390792026
3
1 349013186
1 798645926
3
2
1 87643735
1 263330468
1 533266298
1 264101028
1 471572060
2
1 451197368
1 366030928
1 368541968
1 750799195
1 336808474
1 361837294
3
3
1 283189741
1 982970223
1 915341811
3
1 771216777
1 838396334
1 131635851
1 718962110
1 585814129
1 163168799
2
3
1 171350873
2
1 946350934
1 364412353
2
1 816867832
1 240705841
2
3
1 708176777
1 403738488
1 809756979
1 268072082
1 917017849
1 517291989
1 102315334
1 615585495
1 657026152
1 555862317
1 996594895
1 643565744
1 168318796
1 642629563
1 129092946
1 97388906
2
1 67017961
1 369278952
3
1 889494128
1 690980834
1 979021323
3
3
1 90871633
2
1 452649622
1 740771594
1 254402602
1 14412933
3
1 514934571
1 244265956
1 413912944
2
1 664402934
1 721106396
1 532203034
1 91230192
1 609271235
3
3
1 870989776
1 665362459
3
1 246925224
1 732435468
1 818417769
1 965631647
1 515400042
1 717040645
3
3
3
1 650795748
2
2
2
3
1 278226652
1 858658527
3
2
2
1 928218123
1 684046421
1 336277134
1 659921590
1 572987364
1 610001835
1 561981848
3
1 680025393
2
3
1 833157588
1 662063710
2
1 108663592
1 539543751
3
1 615065458
1 749473562
3
1 128794391
1 155197115
1 396443881
3
1 82907951
1 160218291
1 258732920
2
1 710002866
1 874569343
2
1 880426283
1 621762747
1 865120121
3
1 935503504
3
3
1 903816013
1 964360221
1 293911886
3
1 390178512
1 370411872
3
1 935275580
1 284829962
1 403349825
3
1 182604341
1 852405548
1 442637819
1 676225898
1 265307112
2
1 845270791
1 661982578
3
3
3
1 159798761
1 592761471
2
1 886095831
1 834447092
1 541864108
1 303859395
2
2
1 774042687
1 161287293
1 246163755
2
1 961955816
1 465848585
3
3
2
1 217590645
1 574485542
1 194513393
1 107118136
1 637394259
3
1 955721100
1 857330713
1 561565299
1 433174556
1 910977350
1 567970506
2
1 231803992
1 243576655
2
1 236884685
1 895368406
2
1 858410667
1 802920836
3
1 591967136
2
2
1 316355198
2
1 473356572
1 366078728
2
1 183661984
1 267425433
1 72157000
1 415948067
1 991785206
1 21513563
1 259596359
2
1 389664278
3
1 224679625
2
1 360719920
3
1 504945692
1 243691452
1 507132510
3
1 267697692
1 807901478
1 364210392
2
3
1 737546459
1 117531232
3
3
2
1 441365764
1 119482273
3
1 669309665
1 757562833
3
1 181519492
3
3
1 632496346
2
1 356338109
2
1 359003559
1 973749371
1 81402242
1 495930319
1 863772797
2
2
1 469463095
3
3
1 279088708
1 618646528
1 773673062
1 748304344
2
1 954041818
1 720237810
2
1 280835425
1 67749158
2
1 278876586
1 524633055
1 655060813
1 711002713
1 823463738
2
1 206728016
2
1 492683876
1 114445590
2
1 91890742
1 282031419
1 246629759
3
1 675435072
1 95084393
1 553967761
2
1 696798214
2
1 143858756
1 884850604
2
3
2
1 211844428
1 894859283
1 944279150
1 101397531
3
2
1 443077728
3
3
1 636949737
3
1 719101381
1 960245123
2
2
1 478159196
3
1 116014115
3
3
1 970693305
1 484657035
2
3
1 963924960
1 331627051
2
1 59329792
1 757774299
3
1 544044581
1 101136846
1 749695744
1 616165494
1 865339823
3
2
1 306656351
1 893625405
2
3
1 855189037
1 277380407
3
3
1 727852853
1 142726869
1 938018144
1 664517513
1 296059106
1 484193966
1 624030675
1 558157806
3
1 609513553
1 922085545
1 47594611
1 204837551
1 974087601
1 597699650
1 800939236
1 252118835
1 172168551
2
1 844489596
1 550642432
1 91410240
1 443846177
3
3
1 925526334
1 4758396
3
1 802124896
1 595655183
1 647262375
1 773730509
1 833778366
1 143178638
1 634865289
1 975555258
1 564156041
1 541547903
1 857131558
1 216497164
1 152188390
1 40700880
2
1 829887936
1 224113212
1 926639075
1 753910556
1 510229376
1 603897255
3
1 572267489
1 987622410
1 69298907
2
1 525439883
2
3
1 559925599
1 619939136
2
3
1 262048226
1 758396014
1 781552239
3
3
2
3
2
1 284648248
1 851041455
1 689875199
1 538104024
1 562973418
1 683306880
1 125518919
1 74285101
2
3
1 865755527
3
1 465895287
1 480094628
1 476323997
2
3
3
1 193093222
1 991741127
1 389075556
1 899061766
1 746823698
1 787231239
2
1 735774607
3
2
3
1 868262595
2
1 812904480
2
1 600030322
1 875372917
2
1 138708796
1 932443924
2
2
2
1 574759105
1 170681368
2
1 600477405
1 253545759
1 209958685
2
1 665716997
1 79828502
2
1 592052913
1 533124551
1 864394796
2
1 200169078
1 117604825
2
1 40760666
1 520500725
2
2
2
1 607641674
2
1 472994509
1 945340039
3
1 429669327
1 565503616
2
3
1 593907644
1 222886302
1 245845872
1 850417422
1 280410530
1 392229002
1 867444824
1 707759091
1 197368282
3
3
1 107682548
2
1 356609007
1 852832359
1 353581552
3
1 312690922
1 548980371
1 125695022
1 79846619
3
2
1 566459149
3
2
3
1 358838766
2
1 674280394
1 214066099
1 146168201
1 463147860
2
1 895697111
1 490840023
1 317555561
1 297376582
1 752739067
1 472113181
1 449813403
1 993881644
1 784059879
1 455617777
1 304820048
1 223034846
3
1 814453737
3
1 498016474
1 517048630
1 692013110
1 761869951
1 789889960
1 456171052
1 910193275
1 977962795
1 38507083
1 4903896
2
3
1 572001349
1 859650165
1 612979
1 845392353
1 213458583
1 169449204
3
1 219430399
1 531749121
2
1 17065914
2
1 854730613
1 843748168
1 709352016
1 270500911
1 648480857
1 768979700
3
3
2
1 950388221
1 241544848
3
1 758898143
2
1 625325042
1 394017857
1 829931666
1 704704959
1 65361864
1 214094048
1 406416800
1 797715039
1 380751769
1 505509771
1 445341921
1 990027399
1 281638044
1 672341125
1 140241950
1 72697354
1 356815147
1 804775213
1 471067709
1 510052824
1 285510334
1 349026821
2
1 279714612
1 523539136
3
2
1 726093186
1 117531071
1 711370315
3
1 847518690
1 141455847
1 345070918
1 973904162
1 762230153
1 798763818
1 537428004
1 22980089
1 237624481
1 883513019
1 979729118
1 986768398
1 764622154
1 107948098
1 86476070
3
2
2
1 685482256
1 310204084
1 693156288
1 167436708
1 550033269
1 781706733
1 414155145
3
3
1 169826996
1 99292945
1 210199890
1 682684211
2
1 283211917
1 987521275
3
1 695839607
1 245365039
2
3
1 644818581
2
2
1 477412981
1 492168382
2
1 825346494
1 797699263
3
1 365087981
2
3
1 421110319
1 209011990
1 452648533
2
3
1 577245497
1 975777595
1 916690740
1 122309818
1 634240355
1 411559592
1 142754277
1 838250109
1 353816091
1 484659987
1 230698726
3
2
1 788935916
1 47297103
1 834135251
1 585642964
3
1 718147548
2
3
1 791299173
1 577560287
1 734133198
1 861631463
1 913228241
1 514403863
3
3
1 86143197
1 147481891
2
1 680128140
1 629144685
1 838475864
2
1 250305555
3
2
1 46957070
1 5968216
3
1 142103147
1 185886507
3
2
1 653052498
1 103526862
3
1 821244700
1 946410504
1 588299800
1 440179512
1 482234016
1 903732907
2
1 252106297
1 300522534
1 450695773
3
2
3
2
1 206922171
1 56798368
1 426785313
3
1 921027600
1 637934565
1 170536680
3
1 539078898
1 735118805
1 585748211
1 6354943
1 725722851
2
1 168703270
2
1 379277552
1 938852283
1 620331519
2
2
2
3
1 737089769
2
1 356831574
1 977058275
3
1 269030393
1 418269023
1 445534282
2
1 707569547
1 937958984
1 13115705
1 580787765
1 671038063
1 234913029
3
1 332900886
1 901411110
2
2
1 144367580
3
1 641851162
1 893323503
3
1 222733389
1 481764135
1 514261893
1 7048820
3
1 678781732
1 59276181
1 52175019
1 752946665
3
1 44418274
1 296413853
1 602825837
1 197709010
3
2
1 450421150
1 115816268
2
1 813283782
1 87670925
1 957055141
1 928186408
1 656429832
1 229841248
1 710581477
1 374024059
2
1 979450852
3
1 614437023
1 945450195
1 330220770
1 863263928
3
1 877383640
2
1 344002474
1 780765566
1 550221314
3
1 405573578
1 528141926
1 14881320
1 974694198
3
1 828723677
1 668653137
1 787727122
1 619040206
1 764932664
1 674175327
3
1 673099047
1 682676912
1 860084258
3
2
1 71899211
1 69499331
1 939537292
1 517839550
1 445058193
2
1 766321047
2
1 349714003
1 403740647
3
2
3
2
1 250830701
1 223244888
2
3
1 893240408
1 889751666
3
1 249694239
2
1 94851200
1 4276708
3
1 357680526
1 98087986
3
1 776609898
1 190679215
1 515702148
2
1 819505920
2
1 57445003
2
1 119025662
1 897090722
1 46729431
1 981246015
1 708838101
2
1 719316667
1 258379968
3
2
1 206227593
2
2
1 254166736
2
3
1 874681382
1 308953186
1 59037408
1 301634072
1 495893333
1 708856281
1 462483485
1 757220661
1 449325138
1 640646754
1 883479506
1 10814579
1 65262970
1 840884642
1 887939948
1 763705734
1 638766922
2
1 695342886
2
1 91149379
3
1 407185215
2
1 230825634
1 975918750
1 389710705
1 444154360
1 383727030
1 333450412
1 693244257
1 928691457
1 365216162
1 669989025
2
1 939669533
1 623769369
3
1 753477330
2
3
1 408014816
1 227142225
1 138157491
1 996888797
1 203559071
1 470711181
1 128926169
2
2
1 615913401
1 952511122
1 944382969
1 368177899
2
1 669356281
3
1 933154534
2
1 457870056
1 409077850
2
1 654468501
2
2
1 64914806
1 537777781
3
1 651215562
1 670669850
1 175323336
1 920816303
1 203220114
1 56720237
1 54894823
1 682134243
1 818376245
1 218186354
2
1 121260461
2
2
1 977987872
1 389378974
1 905841040
1 127464336
1 423448090
3
2
1 171383072
3
3
1 731342980
2
3
3
1 957806513
2
1 595632377
2
3
1 439736218
1 798957628
2
1 294372818
3
3
1 624247382
2
1 256165658
1 570041138
1 631634687
1 317051559
1 504260254
1 501189700
1 157850284
1 106488696
3
1 650395022
1 123944234
2
1 97128257
1 826275356
2
2
1 848126172
1 429808791
3
1 534918617
1 35530124
3
1 203571759
1 632430358
1 477509408
1 713282928
1 45545180
1 988960492
1 602462978
3
1 797731267
1 211434277
3
1 578953524
3
1 938567991
3
1 243651067
1 454693595
1 542499210
1 144988563
1 943310604
3
1 40310687
1 100214423
2
1 830718271
1 840245178
2
3
2
1 774799888
1 263226788
3
1 413716592
3
1 59194399
1 300189069
2
3
1 7105177
2
1 678391200
1 453838263
1 682547583
1 176916528
2
1 511154735
3
3
1 763274347
3
1 430978016
1 470134643
1 965420390
3
3
1 837384245
3
2
2
1 916505568
1 90566166
1 680486888
1 772069514
1 907427884
1 316429996
3
1 326553668
3
1 867454330
3
1 422142525
1 371752731
1 74721613
1 749386391
1 512611683
1 812400349
3
1 754171326
1 743598284
3
1 976047695
1 734950166
3
2
1 152246044
3
3
1 885027711
1 239900755
2
1 669186810
1 125572347
3
3
2
1 278301895
2
2
1 232148826
1 142162491
3
1 668843243
1 996096810
1 995191869
1 738667784
1 676526637
1 589428998
3
3
1 901976632
1 781634306
3
1 25447026
1 296191888
3
1 885816922
2
1 913640303
1 834389964
3
1 811455556
3
2
3
3
1 158519471
2
1 749469615
1 820884337
1 191090620
1 629206634
1 696636340
1 581682160
1 407611771
1 893173937
3
3
3
2
2
1 755708836
1 713392217
1 469145214
1 19574731
3
1 3835632
3
1 431229602
1 183601533
3
1 998825280
1 612922588
3
1 743092632
3
2
2
3
2
3
1 567149983
3
2
3
3
1 806676284
1 718106161
1 260401041
1 898140391
1 215775952
2
1 142944726
1 318654213
1 644647861
1 698780258
3
1 258765866
2
1 349040452
1 288501963
3
2
1 643206010
1 560625693
1 470192724
1 269185975
2
1 83561558
1 434444819
1 760897001
1 620702705
1 594171666
1 756679275
3
1 357560435
1 300563015
1 551572718
1 454619657
2
1 919227183
1 300140091
1 25017727
1 202507994
1 293217464
1 845347816
1 6877836
2
1 151642016
1 827074007
2
1 784439302
1 80419369
2
1 99362960
1 50784976
1 872899297
2
1 129885636
1 131239548
1 177030980
1 175185757
3
3
1 862950333
1 184579161
3
3
1 732377253
1 913417117
1 185713789
1 584599032
3
2
1 529588747
1 183762986
1 518837490
3
1 796310756
2
1 149361398
1 141303167
2
1 815669921
2
2
2
1 490373984
2
2
1 667669747
1 818913778
1 630291829
1 745669999
1 366714241
1 368507635
3
1 709507282
1 405961348
1 777751441
1 719400966
1 768973892
2
1 676095665
2
1 74262081
1 839843242
3
1 270933972
1 23765124
1 804433090
2
1 169560688
1 387112710
1 862236742
1 43332804
1 742693954
1 642500686
1 510743816
1 325944833
3
1 847472655
2
2
1 419599283
1 39605326
1 29460064
1 976717395
1 851175934
1 606642775
1 919496262
1 200400020
2
2
3
1 946759997
1 650574859
1 602314988
1 712557219
2
2
1 890619560
1 996443914
1 945913613
1 595672557
2
1 314064767
1 666765641
1 108401549
2
1 355489507
3
1 230214070
1 766306778
1 263665818
1 763638659
1 626321087
1 327844295
1 336814390
3
1 240343310
1 44327201
1 977735074
1 829109821
3
2
1 700967223
1 648261494
1 298360757
1 130921109
1 135445185
1 354545008
1 710155526
2
1 218739932
1 203506251
1 498007870
1 90204709
3
1 843905440
1 174872165
1 102151911
1 446069061
1 935907327
1 411629050
3
2
1 716544036
1 681616867
1 332315878
1 988419716
3
2
1 588155169
2
1 82509929
2
1 162791923
1 675018668
2
1 432732609
1 355078771
2
3
1 128501686
1 216346805
1 15382421
1 346385308
1 577709499
2
3
2
2
3
3
1 632795398
1 167242455
1 801730493
3
2
3
3
1 373504645
3
1 699077734
1 116683051
1 165438468
1 489890622
1 427728944
3
1 61526019
1 228550861
1 462050017
3
2
1 984111485
1 77758120
2
1 197388161
1 831453417
2
3
1 378156293
1 987432065
1 393976272
1 600443338
2
3
1 864219885
1 35582066
1 414609982
3
1 317069705
2
3
3
1 967559611
1 956605009
1 693845079
1 966827609
1 314447999
1 457664047
2
1 475567433
1 152449353
2
1 395682748
3
1 247074003
2
1 945630060
1 38489276
3
1 362437508
1 198781758
1 551779060
1 920882655
2
1 151547862
1 557995881
3
1 125268580
3
1 72854229
1 485409400
1 972618751
1 660152694
1 320475571
1 525136089
2
1 965094529
1 599850940
1 478748873
1 75532207
1 479267178
1 913583098
1 255250328
1 875915012
1 456205049
1 703778498
3
1 1330593
1 21081883
1 282271617
2
1 195498173
1 974600370
1 887512337
1 321283348
1 623133252
3
1 796595347
1 748775063
1 700692339
1 877593543
1 518478542
1 315795493
1 714202026
3
1 309331355
2
1 158173927
1 634909668
3
1 680496463
2
2
2
1 540293494
1 798937645
1 857900431
3
3
1 916703700
1 377410427
2
3
3
1 554706680
3
2
1 332112969
1 173206363
3
1 559682919
1 948724181
1 262201590
1 643454403
1 279749157
1 893439481
1 849391667
3
1 3242237
3
1 941163614
1 254299156
2
2
3
2
3
3
1 119024830
1 681618496
1 631654406
1 474564986
1 902188149
3
1 66542870
1 320999326
1 486942905
1 900508265
1 539111479
1 447615074
1 714790453
3
1 461581246
2
3
1 98526880
1 675665018
1 760753780
2
1 265311754
1 901789257
1 697705491
1 719850538
3
1 985794627
1 900751091
1 365309518
2
2
2
3
3
1 876612536
1 287095898
3
3
3
1 831931566
3
3
1 165053721
2
3
1 85120883
3
2
1 139303179
2
3
1 246720335
1 973317365
1 589055505
2
1 742753232
3
2
1 646266264
1 344238553
1 531164738
1 699927294
1 966741768
1 569853031
1 915895160
1 489225571
1 280429488
2
2
1 515931297
3
2
1 682280015
1 566277058
1 881452046
2
1 632474362
1 692770062
1 204766376
1 524142334
3
1 741195287
1 34668787
3
1 408374258
1 552199500
1 74023406
3
2
2
1 983442617
2
3
1 302385855
1 675380248
1 140657083
3
1 855274959
1 994185473
1 389760859
1 950050058
3
1 904018409
1 948242323
1 938233320
1 583091506
2
1 333595425
1 882225108
2
1 872757666
1 922781493
1 120766476
1 358168375
1 544291696
3
1 965244177
2
1 103226973
2
1 237434895
3
1 625073289
1 675464429
2
1 770754274
1 969900599
3
1 212874785
2
1 801104144
2
1 262731788
1 606465615
2
1 382599727
1 123906551
1 907110428
1 458793969
2
1 770199439
1 723455898
3
1 592796906
2
2
1 520576948
1 546530293
1 786432209
1 163220190
1 468184301
1 406573487
1 359216499
1 9451021
1 41040595
2
1 630046924
1 488526969
1 107659903
1 380703974
1 6297377
3
2
2
1 566000823
1 546455586
2
1 371475973
1 440811693
1 299057837
1 845713367
1 623396879
1 621880563
1 157914294
2
1 858121025
1 289794352
1 949496150
1 252733969
2
1 501339691
1 126572808
1 783885926
1 873072154
3
1 576662430
1 873399710
1 934843447
1 982052828
2
2
1 437049069
1 185188403
1 231260832
1 850047176
1 889784905
1 469374577
1 563568380
1 969964282
1 105366991
1 20868692
1 680341020
1 405496017
1 325650876
2
1 160273236
1 636915631
2
2
3
1 510970688
1 172051962
2
1 751984968
1 226445166
1 666739376
1 95385507
3
1 605934117
1 735535258
1 205731358
3
1 161949672
1 593044241
3
1 682960654
1 24975951
2
1 652895441
1 84870502
1 82503245
3
1 768961193
1 606679281
1 678740040
2
1 681796234
1 973918978
1 123556689
2
2
1 696346158
1 210673652
1 778576325
2
1 37932337
1 847627242
1 936806307
2
1 945895596
1 988666716
2
1 12619090
2
3
3
2
1 619560450
1 565125405
3
1 854480398
1 887719149
1 410040257
1 447157162
2
2
1 819259459
1 84288121
2
1 161738018
1 237714755
1 494883969
1 476008434
1 182718364
1 661545813
1 769904073
1 749906842
1 18620066
1 178836308
3
1 631245466
1 109420587
1 537823014
1 648062518
1 434546521
2
1 700149156
1 933671816
1 237066826
1 376183795
3
1 163905416
1 670737286
1 791377051
1 776683303
1 617282288
1 138090582
2
1 950831441
1 549160907
3
2
1 857604942
3
1 436954195
1 701402515
3
2
2
1 322930292
2
1 413689839
3
1 721605291
1 412653742
2
1 675531164
1 833989952
3
1 207031294
1 430361607
1 908116421
1 886844017
2
1 743542075
2
1 634003078
1 294789431
1 985693333
1 656866010
1 816902004
1 134063109
2
1 297710975
1 982714351
1 642638116
1 159078055
1 845211806
2
1 119560141
1 8668874
1 416846784
1 563914054
3
1 152077469
3
2
2
1 586942558
2
1 351315805
1 863795856
1 269295866
2
1 492963992
1 187535782
1 559232265
1 952632022
1 769451784
1 930286458
1 212768782
1 286558960
1 898266357
1 328983069
3
3
2
2
1 669801523
1 440015916
2
1 70652971
1 914710026
1 888135254
3
1 23665062
3
1 186227375
1 122294088
3
1 557349140
3
1 660770892
1 596941456
1 587884030
1 188007714
1 871919362
1 510955991
1 363902680
1 185007921
3
1 491212036
1 177340910
1 834098131
1 204663022
1 238706587
1 933332571
1 723765747
1 852233139
1 662573012
3
3
3
2
1 692074486
1 365654659
1 296731243
1 266568301
1 779015778
1 924326043
1 623817063
1 202760369
3
1 271421244
1 827738109
1 878317076
1 651955727
2
1 549782398
1 147013271
2
1 638664772
2
3
2
3
1 326385325
1 771251516
2
1 233611423
1 95331822
1 258682207
1 751051599
3
1 147693433
1 934205454
1 667402742
3
1 411865636
3
1 818880791
1 266399689
2
1 542764386
2
1 749367868
1 302136961
1 341923734
3
1 719820964
3
1 497840375
1 203823878
1 822246199
2
2
1 937413922
1 461489782
2
2
1 391966997
1 521101852
1 901973511
1 578962712
3
1 247184193
2
2
1 93254252
3
3
2
2
1 851280120
3
1 964943701
2
2
1 222270899
1 303298986
2
1 548349088
3
1 454694747
3
3
1 925964211
2
3
1 870213163
2
3
2
1 131089689
2
2
1 974764887
2
1 222756853
1 802199981
3
1 147900532
1 923392830
3
3
3
1 786441127
1 566833605
1 84265951
3
1 301819512
1 912954368
1 732001640
1 494195480
1 680464054
1 100719849
1 144932664
1 430910992
1 438182628
2
1 456770648
3
1 412131687
1 768431302
1 5963807
1 852339924
3
1 439945815
3
2
1 600098708
1 781885708
1 744657263
1 596168568
3
1 834729448
1 548563559
1 286559276
1 164955012
2
1 368536778
2
1 108925704
3
1 4971263
1 1375595
1 600346998
1 578421337
1 414156373
1 327597539
1 117430787
1 463834546
1 493118583
1 975285275
1 661938040
3
1 701554900
1 648567222
1 728601895
2
2
1 813267603
1 384842085
1 26943068
1 876735942
1 305061387
1 656190734
2
1 897076611
1 437163112
3
1 561417670
1 110454518
1 709061219
3
1 682249451
3
1 556292149
1 631332877
2
2
3
1 531146428
3
2
1 698896822
2
1 828732147
2
1 768105998
1 877851067
3
2
1 813103365
1 715705738
1 539769188
1 467746378
1 59601527
1 675984385
1 135818570
1 755584655
1 453148830
1 322091684
1 528645412
1 164755460
1 239492034
3
1 708785839
1 347944977
2
2
1 479802589
1 698401530
1 409704799
1 462315
1 348627017
1 288723603
3
1 995797992
1 514332369
1 139950607
3
2
1 542608930
1 574114622
1 416873156
1 702759098
2
1 108968105
1 591154786
1 11887034
3
1 549462413
2
1 998002577
3
1 165352365
2
1 606987065
3
1 199023582
1 945997344
1 143046119
1 549798323
1 573575472
1 218300068
1 578251138
1 760539163
1 747779188
2
1 262357545
2
1 886932533
1 106313017
1 708759267
1 844074391
1 423566506
1 488096815
3
1 989902526
1 526221120
1 396023315
1 954521196
1 957558147
1 640025712
1 544493103
1 748777922
1 797786742
2
1 265105821
1 575879681
1 301563973
1 680784430
1 463248016
1 272259364
3
1 594936115
1 745192737
2
1 974995146
2
1 176980088
1 84270657
1 620378806
3
1 341392320
2
1 210509329
1 827546076
1 217243167
1 974290027
1 233040612
1 952802112
1 291788270
1 58506579
1 597608751
1 352028702
1 206435643
2
3
1 402630023
2
1 530604682
3
1 888277628
1 45322400
2
1 470436580
1 413085202
1 16939384
2
3
1 918024054
2
1 310427709
1 778264201
2
1 923873680
1 356395187
1 19448872
1 84244041
1 630858659
2
2
1 300209131
1 336570377
2
1 958767910
3
1 621168236
3
1 809459119
1 991927271
1 656339216
1 622190671
3
1 723429108
1 550071663
1 422029255
3
2
1 145729486
1 604553243
1 798188163
1 703967572
1 279626164
1 252113938
1 905336255
3
1 171213808
3
2
1 281528558
2
1 395792867
1 675151490
2
1 455636481
1 853053777
1 42714609
1 949830429
1 129289723
2
2
1 552191825
1 776530350
3
1 600979345
2
1 30774199
1 857363585
3
1 412675857
3
3
1 416354908
2
2
2
3
3
1 77221543
2
2
1 506518980
1 861042873
1 36640266
1 455662162
2
1 400258050
1 562122110
1 154367808
2
1 143761480
3
1 196445031
3
1 748790522
1 804547314
1 987541265
1 539745171
1 353949847
1 89841767
1 629948373
1 432056000
1 752657590
1 214375860
1 630143240
1 146011735
1 487466171
1 313448964
1 76183584
1 68022421
2
1 981296388
1 8024540
1 163701468
1 469609915
2
3
1 72249035
1 484664222
1 787005720
2
2
1 697508673
1 306831788
3
2
1 821400063
3
2
1 616911183
1 193777901
1 292635058
1 375970535
2
1 195308174
1 499437170
3
1 895431927
2
1 413178024
1 485657407
2
3
1 388558645
1 769822864
1 750123413
1 976343867
1 872708305
1 884657539
3
3
2
1 60836609
1 598421989
1 753090660
1 15586939
1 866276409
1 40466426
1 586269613
1 953416528
1 739608189
1 25064222
1 362260797
1 938461174
1 668428685
2
1 420385999
3
3
1 856890414
2
1 217733852
1 153217942
3
1 865276409
1 918232672
1 18288648
1 31594056
1 727961443
2
1 322292961
1 533422452
1 680954497
2
1 649824946
1 77248553
1 622357132
3
1 784580834
1 327011059
2
2
1 519930905
1 818590340
2
2
1 863200814
1 601251875
1 151353526
2
1 138202451
1 493659962
2
3
2
1 72111693
1 469485577
1 717001038
2
1 699826486
3
2
1 898723656
1 306308382
1 939950862
1 143455201
1 290727633
1 241434696
1 598909633
1 799001547
3
1 789833047
1 75814343
3
2
1 113751228
2
1 856739577
1 523223469
1 249367667
3
1 355151052
2
1 775654447
1 510656522
2
1 130583594
2
3
1 376285648
1 569852267
1 666381794
1 312656126
2
1 712254412
2
1 378476490
3
2
1 55634240
1 84528218
1 568861405
1 787482947
1 274717422
1 285852028
1 428922674
1 749085333
1 441264407
1 859313902
2
1 491939794
1 969333767
1 338770079
1 740471792
1 657870928
1 882219512
1 678081284
1 954363287
1 620462107
1 25438118
1 218126456
1 137591457
2
1 691668509
3
1 212057496
1 830637811
2
1 409487074
1 706078429
1 34120152
3
1 341895015
3
1 223636664
3
1 349469601
1 634523939
1 432145979
1 525159164
1 362545766
2
1 520918948
1 403049945
1 921236991
1 466207104
1 272405966
1 174176656
3
3
1 289567536
1 980884722
1 972313654
3
1 290555779
1 526479718
1 515158413
3
2
3
1 352389591
1 419245387
1 857896340
1 536509387
1 346345759
3
1 166394006
1 166885804
1 492929956
1 200254475
1 682487727
2
2
1 681085022
2
1 885363012
3
1 573132350
1 458688881
1 903066921
3
1 680555616
3
1 769900098
3
1 662665788
2
1 667061239
1 367378518
1 665906136
3
1 389342550
1 548693678
1 69304671
1 103506510
3
1 19255612
3
3
3
1 391424886
1 487893597
2
1 506591533
2
1 325514750
1 40233215
3
1 103051256
3
1 168443846
3
1 35596464
1 805116795
1 470870730
1 893795627
1 586049529
1 865534461
2
1 163245626
1 851876779
1 348078020
2
1 672810966
1 72023282
1 768484920
1 311531946
2
3
1 544607419
1 66908616
1 564791806
2
3
3
1 655628830
3
1 665332131
1 524783591
3
3
2
1 384175198
3
1 807798474
2
1 209855911
1 548361179
1 801159241
1 394376596
3
1 391264534
1 65127417
1 368324218
1 71260299
3
1 840281289
1 117042245
1 547151295
1 631711930
3
1 424188190
1 795647017
1 170962167
1 347382833
3
2
1 202136706
2
1 257645987
2
1 214606477
3
2
1 291007974
1 972263395
3
1 456195427
1 359372480
1 443745979
3
2
1 103797493
1 186947467
1 108851891
3
1 178907744
1 413408426
3
1 592523208
3
1 963990744
1 212237843
3
2
1 175134424
1 329523093
3
3
3
1 807609486
2
2
1 7842248
1 700283185
2
3
3
3
3
1 999134276
3
3
1 156200325
1 12507643
3
1 956513968
1 654287864
1 351456662
2
1 967895126
1 430228799
1 858927984
1 272760696
1 964764672
1 802428201
1 514962961
1 279613045
1 298708080
2
2
2
1 219658708
1 6240186
2
1 216942622
1 744153596
1 591719074
1 466422135
1 829179826
2
1 476148875
1 947813997
1 612789777
1 397899826
1 418408021
1 293541947
3
1 714528339
1 471012905
1 723053387
1 386390780
1 393479849
1 18617963
3
1 662062108
3
1 713466217
1 665902257
3
1 549091967
1 197649803
1 227980793
1 683345263
1 874421744
3
1 187744792
1 285263451
1 543179703
2
1 198931865
1 888394252
2
1 718150448
1 953949344
2
1 950854787
1 71678950
1 111392743
1 284015757
2
1 124917872
2
3
1 96651682
2
1 831422007
1 692154097
1 109466948
1 977741547
3
1 392046756
1 586767959
1 496385256
1 300525859
3
1 760953368
3
1 993728472
1 82544789
3
1 988893092
1 875748880
2
2
1 489417092
1 659507553
1 238176935
2
1 623265651
1 277295790
2
1 979293857
1 892925618
3
1 44678225
1 401352796
3
1 116620710
3
1 607400268
1 136904596
2
3
3
1 159001202
3
1 414673291
2
1 467918035
1 431131986
1 819140363
1 927065511
1 380840236
1 963529391
1 894933542
1 13757276
2
3
2
1 777550767
1 124194359
1 866853494
3
1 292658977
2
1 863950359
1 673204107
1 394571398
1 72005691
1 599696077
3
3
2
2
1 417466800
2
1 407900503
2
2
1 756430358
2
1 370700394
1 866598945
2
3
1 325829926
1 603445884
1 872861807
1 918359193
1 96270847
2
1 281319612
1 812146750
1 224207703
3
3
1 158214985
3
3
1 721859284
1 372288404
1 290050223
2
2
3
1 371608765
1 693176280
1 634361774
2
1 996025642
1 324123252
1 546498313
1 662813974
3
1 597562279
1 633414333
1 716591721
1 335432718
1 347018796
1 568917506
1 208441677
1 180441647
2
3
1 413430093
2
3
1 178018677
1 542775586
3
1 183166468
1 578446925
1 796205124
2
1 537595178
1 876098955
1 539793124
1 602639495
1 989393317
1 514681102
1 873594133
1 491550095
1 992453114
1 102317497
2
3
1 362279616
2
3
1 885094808
3
1 536518052
3
1 791489887
2
1 441052828
1 511832356
1 897528972
3
1 588343746
1 297892335
2
1 832575367
3
3
1 114242998
1 799567604
1 582470865
1 700584578
3
2
2
1 180115560
1 876851324
1 529342317
2
2
1 375621704
1 182121021
1 69000840
1 441609693
2
1 955460624
1 90206585
1 340454647
1 586539039
3
1 647999355
1 352380139
1 806254998
1 493019488
1 561446305
1 342250605
3
1 575364354
1 964828777
1 598613300
3
1 889916416
1 904529855
2
3
1 335157903
1 287273342
1 856524624
2
2
1 111746088
2
1 632704747
1 515137243
1 69165322
1 991453239
3
1 632032834
3
1 570502534
1 146830711
1 680793281
1 159394299
2
2
1 700212256
1 101485073
3
3
1 905188720
3
1 932383947
1 422353184
2
1 154831407
2
2
1 509292485
2
3
1 678083126
3
1 492354401
1 465317966
1 281512196
2
1 572591175
2
1 210635868
1 926859892
1 368427368
2
2
1 127504938
1 223341697
3
2
1 618250598
1 513730932
1 50845743
2
1 67607202
2
2
3
1 592549025
1 26928463
3
1 304033191
3
2
3
1 6370731
1 691745809
1 296951674
1 150949639
1 969234707
2
3
1 48416914
1 296750051
1 273857236
1 10694419
3
2
1 149617495
1 561104473
1 384861001
3
3
2
1 701201717
1 26396772
2
1 749900335
1 435521333
1 849705222
1 195545160
3
1 941792245
1 883859890
1 867257610
1 79767468
3
3
1 777080493
3
2
2
3
2
1 535414703
1 552928536
3
3
2
3
1 259557419
1 235294243
3
2
1 368237945
1 680580669
2
1 282979973
3
1 695327990
1 821712523
1 173758043
3
2
1 924167006
2
2
1 250190977
2
2
1 608985165
1 365834505
1 234750346
2
3
3
1 657081742
1 893332342
1 155874222
1 779311848
1 281357703
1 219448210
1 855209412
1 164629952
1 689859425
3
1 707507853
3
1 268688210
1 908818381
3
1 943027291
1 586816502
1 377790488
1 400134487
2
1 238347431
1 418075368
2
1 359360927
1 857625541
3
1 399654877
1 592050752
2
2
1 85965147
3
2
1 205671000
3
1 43015606
3
2
3
1 732447060
1 763274671
3
3
1 571459753
1 524678820
1 545839883
1 968596574
1 144442947
1 159028954
3
1 116360971
1 817923141
1 131301912
1 671215699
1 172767932
3
3
2
2
1 580546610
1 629059954
1 990897163
1 279137535
1 263440788
1 489043864
2
1 328188178
1 140342607
1 836002497
1 964317265
1 923930170
1 906449366
1 349256338
1 531767297
1 82919179
1 904261190
2
3
1 995803564
3
1 595652856
1 120986482
3
1 539810645
1 583817835
1 363956159
2
1 719779729
3
1 593536298
2
1 458513241
1 472853573
3
1 670161397
1 70116543
3
1 887640802
1 809000191
2
1 938975695
1 969841992
1 398411587
2
1 844858151
1 216452080
1 734858663
2
2
1 114085690
1 891003719
1 590669065
3
3
1 113475262
1 676816243
1 378324165
2
3
2
1 145845700
2
1 305299145
1 776804848
1 33130408
1 874838266
1 307239712
2
1 768180925
3
3
1 435242074
1 387377170
1 473224978
1 332190804
3
2
1 60830586
1 989932063
1 936897291
1 431165333
1 304026277
2
1 510663942
1 532279972
3
1 167587379
1 31153056
1 128481273
1 514891185
1 205896677
1 464027014
1 660927407
1 135416597
1 849601692
3
1 761538172
1 550577438
1 631084289
2
1 7809960
1 608213967
2
3
1 476749369
1 679686164
1 405704313
1 418379166
1 210437249
2
1 455754187
1 678602053
1 762118300
1 108501464
3
1 334556180
1 1113590
1 596088035
1 718518670
2
1 896522328
3
1 429937439
3
2
3
2
1 544018496
1 332169219
3
1 34074624
3
2
1 60492040
1 360571280
3
1 196720661
1 143019199
2
1 657039537
3
1 506092793
3
1 507000663
1 653659846
1 974126744
1 48774699
1 286162388
2
1 199766010
1 230580099
1 249379490
1 928566111
1 735997444
3
1 499717164
2
3
1 290315240
2
2
1 418264589
1 975589530
1 31416729
2
1 195807309
1 677135907
3
2
2
1 172148983
3
1 258784416
2
1 399102846
2
1 628214193
1 162059295
1 1362125
1 254319479
1 189845904
1 878032056
1 704040522
1 122891793
1 451299354
2
1 953281535
1 176608945
3
1 851336477
1 24107323
1 942565101
1 24355710
1 501795723
3
1 808611798
2
1 16985410
1 119495541
3
1 484032166
1 967420107
1 844595661
2
1 625325146
1 104029587
2
3
3
1 24279398
1 703276653
1 428356156
1 310279770
3
3
1 950824732
1 171119413
1 29100392
2
3
1 544201648
1 176465770
1 997982827
3
1 175594598
1 805524856
1 213303413
2
2
1 867855562
1 829874231
1 538220028
1 125682682
3
3
1 919555784
2
1 575248439
3
2
1 645883451
1 336779661
1 567426223
1 372564026
1 589870428
1 620471616
1 746658444
1 357630212
1 420273484
1 138850506
1 166716842
2
3
1 123048183
1 581323615
1 365561861
1 513599843
3
1 705151052
1 744959263
1 304006125
1 609572604
3
1 79543582
1 480112901
1 658917691
2
3
1 683033424
1 594950211
1 434512851
1 487804875
2
3
1 315701745
1 846285615
3
3
1 468772064
2
2
1 282506034
1 141341901
1 748157447
1 456191276
1 788254178
1 606189811
1 951566889
1 576362578
3
1 674643898
1 977500723
1 155693952
1 335759329
1 150855809
3
1 627756112
3
2
3
1 472827495
1 363512535
1 383813761
3
1 297478170
1 531709154
1 991669367
1 335489784
1 828840140
1 385465058
1 619109138
1 847020706
1 983786726
1 657090047
1 509400515
1 59553981
2
1 266722556
1 222438976
3
1 556181764
1 333391105
1 644184164
1 872645465
2
2
2
1 616237932
2
1 121223302
2
1 886561834
1 633270231
1 246542912
1 687756607
1 330205169
2
2
3
1 616859213
1 49662709
1 377992633
1 933012631
2
3
1 304739461
1 150011813
1 525542753
1 780135158
1 135578445
1 548331421
1 849520685
3
1 683770738
1 669667194
1 410486917
3
1 559431847
1 340062484
2
1 234467569
2
2
1 672485544
1 900765750
1 596209587
2
3
2
2
3
1 547946921
1 439271112
1 257146743
1 313605943
1 256467133
3
1 49570471
3
1 820628610
1 495173401
1 170388884
2
1 936850465
3
2
3
1 72558153
3
1 333428738
1 65378995
1 40122940
1 326844718
1 9932779
1 709562998
2
3
1 898462701
1 592085286
3
1 212126721
1 818364573
1 811629353
1 807042655
3
1 721347982
2
1 444323183
3
1 445310210
1 587491746
3
1 468277924
1 195174632
2
1 289603490
2
2
3
2
1 938383841
3
1 458400985
1 209237968
1 961155114
3
3
1 370175641
3
1 181247433
3
1 774658573
1 90795044
1 521685456
1 471580553
1 726264921
1 702048036
2
2
1 154336735
2
1 824899034
1 369877127
1 852537361
1 502369616
1 397813245
1 145764809
2
1 15325222
1 358231385
1 65728903
1 197900001
1 691319856
1 601421298
2
1 481315562
3
1 797693893
1 678086426
1 517776743
3
1 184080462
1 432174934
1 885723133
2
2
1 563719861
1 868079120
2
2
1 389763274
2
3
1 118185874
2
2
1 154399244
1 740981115
1 472049964
1 279661310
1 965272442
1 19026317
1 948959055
1 366799361
1 431947030
3
1 415196310
3
1 326531135
1 233463807
1 513177782
1 689531537
1 83265775
1 971540598
1 381710399
1 288629809
3
1 505973309
1 654411507
1 233030960
1 715693007
1 864402804
3
2
3
2
2
1 930700487
1 69682835
2
2
1 678171059
1 640327160
1 269977158
3
1 760173964
1 700677988
1 190482260
2
1 187192204
3
1 327641537
1 529561948
1 997019351
1 678788479
1 789829388
2
1 579458726
1 225175935
1 601622296
1 686047829
3
1 157756690
1 21440490
1 946625565
1 529525852
1 941035261
1 324022776
1 820867339
1 780446206
3
1 354379257
1 751076127
1 540878686
1 954264152
1 670365309
1 729921761
1 280165416
3
1 639633606
2
1 269725378
2
2
3
1 595523728
1 375979677
1 629754573
1 911659130
3
1 104368913
2
1 803680294
1 581559909
3
1 50538508
1 940162860
1 343580559
1 956568931
1 289389003
1 744513331
1 277024964
3
1 596719448
2
2
1 66906663
1 279917552
1 928856711
2
1 703685642
3
1 581405815
1 452863945
1 553158128
1 525180807
1 864694275
1 372685073
1 240085530
3
1 184161571
1 698273215
1 538363673
1 311423257
2
1 398732673
3
1 322773981
1 811778056
3
2
2
3
3
1 64356168
2
1 666542494
1 542339268
2
1 52081393
1 755480097
2
3
1 745129219
1 451230993
1 322578980
3
1 31347563
1 765633488
1 836140513
1 472032811
1 604934616
1 354490721
3
3
1 301139077
2
2
1 433124059
2
1 529663755
3
1 837750693
3
1 737107407
2
1 857656798
1 983558118
3
1 329369356
3
1 134139886
1 201234821
2
1 182713740
1 346597615
1 841625182
2
1 41180392
1 592258279
1 581459183
2
2
3
1 547042146
2
1 609703345
1 185691320
3
2
1 4280740
1 431099999
3
1 37237032
2
1 961619124
1 849780914
1 156884044
1 270587566
1 531816688
1 983064963
1 526074566
1 192476856
2
1 481357364
1 257300295
1 233135925
1 460562903
1 137845879
1 577671823
1 117692074
1 447545191
1 152034461
1 749419160
1 562018176
1 684327642
1 316907304
2
1 557097758
1 96578371
2
1 84432063
1 403224122
2
1 220581433
3
2
3
3
1 403018057
1 573821783
1 705176595
1 282393140
2
1 818919956
1 481809560
3
2
1 256048344
1 980564735
1 976060002
1 895916226
2
1 151091833
1 426820122
1 726994773
2
1 145083055
2
3
1 327808476
1 550465515
3
1 30699668
3
1 836726244
3
1 523800300
1 26177018
1 378955772
1 625599301
1 827342063
1 817181672
1 818323236
1 969222384
1 906405735
3
3
3
1 593303007
1 50308286
3
1 244030714
3
1 395873758
1 926270967
1 715784166
3
1 958997098
1 824822698
3
1 279177904
1 332004358
1 956216022
3
1 529010969
2
1 179555612
1 573123560
1 915243993
2
1 426933351
1 778560454
1 782346755
1 239535834
1 67327635
1 843533753
3
1 249792732
3
2
3
1 378798899
1 316219513
1 569789497
1 942147245
1 73237087
2
1 432446045
1 780984169
1 666889439
1 707507292
1 126111772
2
1 205230487
1 669455369
1 713998350
1 920531716
3
1 312016472
1 122178314
1 656619853
1 575136007
1 435020782
1 642521230
1 163139433
3
1 688720599
2
1 263482656
1 96342487
1 530577698
3
3
1 178055453
1 720981563
1 352978225
2
1 564245351
1 510880751
1 368169280
1 848161882
3
1 163168106
3
1 438687413
3
1 655030861
1 166673682
1 253768065
1 84399194
1 926416096
1 616320216
1 685488303
1 497263035
2
1 889484319
3
2
1 774392167
1 156864863
2
1 285194443
1 672918936
1 428249364
2
1 212258000
1 26645364
1 130760594
1 501655803
3
1 535029417
1 169286779
1 213409023
1 29030789
1 611018826
1 595947802
3
3
1 825507447
1 661199316
2
1 636503945
1 487715669
3
2
1 85451788
1 657995368
1 346620411
2
1 983450544
1 569426111
1 458519069
1 336923596
1 892800988
1 245614857
3
1 195530342
1 600143386
1 768857483
1 322343747
2
1 460083149
1 181321022
3
1 700026460
2
3
1 706160907
1 529567365
1 194253922
1 696488093
1 184529469
2
1 40824536
3
2
1 196293330
1 482083158
2
3
1 86972249
1 197420602
2
1 974634493
1 366671757
3
1 31577309
2
3
1 572826928
1 499432552
2
1 922323289
1 18601807
1 827712135
1 457776874
1 362317200
1 455304336
1 754287094
3
2
2
3
2
3
1 715094044
2
3
1 100817114
2
1 804086684
1 313296340
2
1 506866399
2
1 203885207
1 369108706
3
3
1 366367985
1 736400926
1 900261882
1 541755578
3
1 147776795
3
1 479974889
3
1 717701555
1 791067801
1 896830321
1 878616287
1 331150061
1 846350432
1 31709989
1 788264426
3
2
1 429597472
1 12872829
1 697337012
1 88025362
2
3
1 844651983
1 868933276
1 435055789
1 369308656
2
1 648736988
1 160945399
3
2
3
1 935906664
1 510274281
1 698693409
1 195148557
1 461794816
1 853919664
3
2
2
2
1 673585973
2
1 681783837
1 92431435
3
2
2
1 170491358
1 508130597
1 631528925
1 887019641
1 557335655
1 256611529
1 660953661
1 624517592
1 690487090
2
1 318885715
2
1 753460856
1 896813728
1 845188485
1 668591705
1 731928271
1 801379889
3
3
3
3
1 505758326
1 147577988
1 694234594
1 319993041
1 566467110
1 354643292
2
2
3
3
2
1 182821171
1 1659125
1 762023557
1 945203908
1 950015163
2
1 640986882
1 49154247
2
2
1 259432801
1 284982412
2
1 994400494
3
1 129062477
1 206445577
1 699083225
1 630794004
1 159727457
1 928314466
1 123465357
2
1 607782692
3
1 727924638
1 302139669
2
1 945242271
2
2
1 984433237
3
1 746923168
1 231997990
3
1 378103804
1 463040045
1 665836676
1 863103646
1 790860824
1 387123383
1 665135272
1 943493857
1 323905957
1 140336935
2
1 280086487
3
1 929102273
1 913984481
1 661975949
1 840083669
1 288749990
3
1 9326758
2
1 290786193
1 881450163
3
1 386879102
1 190809569
1 119076562
1 9291778
1 327060526
1 835917232
1 346542898
1 340511101
1 649419375
1 617689355
1 453371563
2
1 252436054
1 410817951
3
1 689263013
3
1 911452682
1 55196541
1 611076790
1 287963038
1 755309640
1 647265722
1 594398925
3
1 867552992
2
1 40022404
3
1 280367251
2
1 654996498
3
3
1 294616403
2
2
3
1 718337012
1 182550916
1 27905066
1 542058715
1 720637657
1 707083585
2
1 23060328
2
2
1 176612351
1 916178574
2
3
1 445902783
1 488068481
1 849872994
3
1 870477056
1 809199879
2
1 140571260
1 264612878
1 257127145
1 846403639
2
1 730234481
1 987361327
3
2
1 105530697
3
1 55163099
2
2
1 491210958
3
1 270764818
2
1 663969803
3
1 762792196
1 241616039
2
3
2
1 359097385
2
1 796718484
1 405090907
1 68518411
3
1 816273457
1 63021676
1 557873001
2
1 784722175
2
1 220905699
3
2
2
1 404405318
1 88299235
3
1 573074444
1 822209212
3
3
1 137625542
1 75771004
1 394380524
1 607573844
2
1 850201163
1 706611476
1 11997632
1 813630977
1 562722654
2
1 323468443
1 919640248
1 638472841
1 942405853
1 879201554
1 836898299
1 963572444
1 660477586
1 727607504
3
1 852834676
3
3
1 389784343
2
2
1 82364426
2
2
2
1 601399663
3
1 89866742
1 986309557
2
1 520038986
1 802996016
1 725135609
3
2
3
1 746484736
3
1 585645298
1 37073553
1 628473845
1 695264379
1 77971363
1 675551540
1 417895294
3
1 394182413
3
1 859323552
1 502588292
1 385199722
1 87005499
2
1 100386040
1 165311935
1 64022827
1 896625229
1 192598869
2
1 264375331
3
1 177411591
1 964541988
2
1 900919153
1 658751027
1 740684241
1 952724448
1 549257928
3
1 303853928
3
2
1 352799174
1 890714716
3
1 605740092
1 451220597
1 127255423
1 115069308
1 698943770
2
3
2
1 211685112
2
1 534268259
3
3
1 762596714
1 339195059
3
2
2
1 34478131
1 534572870
2
2
2
1 725527777
1 900457391
3
2
1 231944273
2
2
3
1 237443082
2
2
3
1 61361791
1 301235056
2
2
1 191167675
2
1 565756712
3
1 812854764
2
1 736698908
2
1 312234451
1 69380910
1 112607200
1 523954813
1 781126408
2
1 829187830
1 768743491
1 741985504
1 795923853
1 624346286
1 563606327
1 445812420
3
1 370171757
1 386239638
3
1 350456877
1 436298263
3
1 257749223
1 660931982
3
1 7681803
1 578370906
3
3
2
1 45372969
1 751023140
1 788056593
1 291117987
1 758022820
1 212748413
1 687811540
2
3
1 145204344
2
1 630974198
1 144224360
3
1 872566105
3
1 203402330
1 219212073
3
3
1 732659895
3
1 5571560
1 958297687
1 352454580
1 413017147
1 72470146
1 550480707
2
1 821155450
1 777126335
1 758538361
1 240673463
3
2
3
3
1 451541631
2
2
1 87609077
3
1 269689864
3
1 207645891
1 310415889
1 1059075
1 971610002
1 332893768
3
1 357874204
3
3
1 546506526
1 29732890
1 161123380
1 654448048
3
1 725573587
1 98418469
1 508581410
1 173057737
1 587499067
2
2
1 175064594
1 355991768
1 574638383
1 956041313
1 223847146
1 309166697
2
2
1 991433722
1 763955260
1 479639956
1 50416094
2
1 35249638
3
1 108144530
1 793690874
3
1 324846793
1 40863854
3
1 373057893
1 24844791
1 358621069
2
2
1 905907103
1 128637965
2
1 999851125
1 970394046
1 492972815
1 27234182
1 507707223
1 484105997
3
2
1 297155199
1 218894365
1 107612360
3
1 576473805
1 135467107
1 886807277
2
1 475779711
1 275049606
1 565178888
1 954426703
3
1 471407259
2
1 336709591
1 310291540
1 32138525
1 365266564
1 777556188
1 424395318
1 439055945
1 426723435
1 925951420
1 737993570
1 564851438
1 276839645
2
1 256701205
1 382029497
1 436349903
1 303803337
3
2
1 252234276
1 71344817
2
1 380112843
1 994001079
1 539964578
3
1 779241767
1 752051462
1 840798647
1 126152059
1 854810320
1 827045083
1 988394752
1 7177108
2
2
3
1 553815777
1 321894139
1 435733495
1 305220618
1 383639914
1 361809967
3
3
2
1 55477499
1 739636547
1 797124979
1 595393832
1 899693261
1 990173479
2
1 229755522
3
1 590223901
2
3
3
1 989050790
1 751081145
1 178491247
1 890621457
1 232161263
1 356972924
1 968175254
1 527918820
1 309843545
1 462979029
1 826008554
2
3
1 660421121
2
3
3
1 869068621
1 332575960
1 322208694
1 906661364
1 161743657
1 590234670
1 156693997
1 969792850
1 767495263
1 949065308
1 187951915
1 600468922
1 342547857
1 405604235
1 536591265
2
1 87599503
3
1 181034242
2
3
1 969855395
1 753140745
3
3
1 418747542
3
2
1 96883760
2
1 416338935
3
1 759457523
1 408920597
1 48221908
1 450575055
1 603033044
3
1 705738826
1 760671239
3
2
1 18780842
1 321007854
1 633505978
1 61062102
3
1 422792280
1 797904746
1 970662171
1 914340570
2
2
1 709721935
1 730170656
1 254991867
1 340469207
1 156825666
1 551006386
1 352288249
1 442172119
1 604248489
1 126431040
1 249621197
1 19315959
1 612292623
1 15444315
2
3
1 465877594
1 245137691
2
2
1 530101367
1 956766270
1 598044055
1 715870747
1 16621280
1 496953092
1 813140330
3
1 449500576
1 896041166
1 295657436
3
1 298483703
3
1 389898315
1 257078991
1 589063221
1 889245987
1 898837979
1 972756373
3
1 437847536
1 767013827
1 518576609
1 928409516
2
1 83202857
2
3
3
1 87532084
1 409401613
1 596034526
1 619399963
2
1 111349112
1 441832788
1 352036007
1 549800027
1 842744569
1 293975624
1 605661452
3
1 680927886
1 89695870
1 418659029
1 477640928
1 464300532
1 819594943
1 188352442
1 341745850
1 335637414
3
1 554396334
1 214522109
1 450038062
1 475937433
2
1 680296450
2
2
2
1 181134918
1 678623523
1 306441462
1 164797174
1 689927589
1 32078708
1 918399366
3
1 64910327
3
2
3
1 167996414
1 844626220
3
1 718123826
2
1 599891114
1 176610665
1 180509605
1 276903893
1 623723512
1 630495734
2
1 325095028
3
1 649994355
1 181246378
2
1 339100136
3
2
2
1 393654135
2
1 878725620
1 891767222
1 312092331
1 271038014
1 834448137
1 251990219
3
2
1 811660139
1 574265015
3
1 923487618
3
2
1 839755970
1 712968426
1 529781885
1 412817710
1 827492046
1 219348714
1 618495632
1 489424946
1 235032484
1 591279168
1 179832617
2
1 19244816
1 778574357
1 794610539
1 95110767
3
3
1 680122265
1 570138542
1 742209621
1 208873259
2
1 276417178
1 837649967
1 157451205
1 792993925
3
1 699300852
1 668646834
1 958864509
1 600130735
1 898990344
1 443222602
3
2
1 632446406
1 842967379
3
1 505858912
2
2
1 94751067
1 907170239
1 36835405
3
1 453107776
2
2
1 327124001
1 58696660
3
1 526570876
1 888143548
2
1 271286570
2
1 739501584
2
1 588490811
2
1 698710433
1 396547660
1 225742434
1 66649832
1 827766185
1 630834518
1 89363911
2
1 101748020
3
3
3
2
1 621687550
1 735054081
2
1 665835778
3
1 443680970
1 463024658
1 70692323
2
1 185706295
2
1 907253069
2
2
2
1 419889605
1 752440681
1 230113508
1 903147846
1 131132462
2
1 645971850
1 927073568
2
1 129286172
3
2
3
1 887966407
3
3
1 792087456
1 721286522
1 439004546
1 45259266
2
1 754933775
1 719377528
1 408096540
2
1 85635373
1 795658467
3
2
1 408326076
1 75305403
1 259444542
2
2
1 940207248
3
1 89045107
1 317335221
1 852773573
3
1 680200774
1 549624011
1 412109956
1 74646655
2
2
1 46768942
1 650939638
1 951653867
1 608859230
2
1 650516929
3
1 781697297
1 72258325
1 688135576
1 152661060
1 623676137
1 175544457
2
3
2
1 985679943
1 985465800
1 665136390
1 524963452
1 605388700
3
1 933123401
1 297877583
1 44593335
1 296767791
1 261735478
1 381080008
1 107510833
2
1 64190468
1 532853992
1 567039465
1 971013084
1 58065578
1 944514092
1 84180271
1 28460695
1 895044767
1 651746366
1 758743717
1 106787557
1 687176622
3
1 209029177
1 700953938
1 770138211
1 243580468
1 276574516
3
1 318047474
1 667386095
3
1 382826741
1 88975264
1 849915767
3
1 650009614
3
1 255896227
1 303014084
1 109484006
1 539711244
1 159660486
1 368250920
2
2
1 675151956
1 821399063
1 667747645
1 215702262
1 314513476
1 803881417
1 469863610
1 721911027
2
3
1 706225194
1 361882233
1 494081717
3
2
1 917482413
1 736568690
1 608704572
3
1 674176264
2
1 291786173
2
1 833825911
1 113311980
1 535007928
1 572160459
2
1 403719711
1 379357757
1 625089100
1 578800211
1 539357781
3
1 828756014
1 254155748
1 761695785
1 4102863
1 838729845
1 788238153
2
1 309501877
3
3
1 105964833
1 832851048
1 944974417
2
1 833358222
1 65389857
2
1 210361611
1 607451732
2
1 444778317
1 194529840
2
1 682291555
1 288293477
2
2
2
2
1 692695
2
1 70202470
1 671388808
3
1 282073218
1 535529674
1 395590268
1 83499170
2
1 873829309
1 84716273
3
1 285539950
1 319375197
1 81269453
1 328282490
1 120661612
1 553736397
2
1 130366163
1 533735573
2
1 795024630
3
2
3
3
3
1 582741956
3
3
1 250133487
1 921242770
1 110540824
2
1 29191874
1 492457832
1 859058384
1 223102406
3
1 359369769
1 465835534
1 489026802
1 752158085
1 294309877
1 894122450
3
3
1 54706476
1 649690982
1 403612461
1 865988504
1 333565711
2
1 12283062
1 257747814
2
2
1 989231339
1 951951016
1 440316375
2
1 326254392
1 885433270
1 615122343
1 942680916
1 801940904
1 579275896
1 826607332
1 54244309
3
1 320429011
1 615113603
1 335309389
1 36459073
1 700340451
1 534838074
1 818066183
1 95490835
1 169009826
1 692238339
1 979382345
3
1 768369532
1 919249988
1 292229335
1 603736561
2
1 143095087
2
1 885350347
3
1 784224260
3
1 224493290
3
1 11170609
2
1 789241582
2
3
1 693869902
1 975616316
1 824707528
1 682946026
1 304879654
3
1 9944182
2
3
1 855559195
1 31009167
1 678186057
1 132825937
3
1 137102506
1 965799728
2
1 885037564
1 526798690
1 301404580
3
1 884742060
1 332917387
1 447549938
2
2
1 820808619
1 408761068
1 430045238
3
2
1 549443345
1 184790515
1 939164704
1 335960227
3
1 249356405
1 150903784
1 55931107
1 718663661
1 541239665
1 941197519
3
1 246793912
1 116961410
3
1 827191343
1 30974869
3
3
1 142089364
2
3
2
1 904337124
1 567056936
1 899812391
1 588263839
1 793566574
1 830829757
1 262965050
2
3
1 527030156
3
1 953933412
1 550777431
1 715238385
1 384161644
1 636581141
1 657714014
1 52567570
1 366462115
1 913753503
1 804777281
2
2
2
1 831291434
1 853809032
1 452702589
1 298171870
1 562571697
3
1 528939711
3
1 657944712
1 124772119
1 947182795
1 132350473
3
2
2
3
1 739349364
3
1 372964454
1 315713330
2
1 201667921
1 420619897
1 823267534
1 985621065
1 123025904
2
3
2
3
1 798005652
1 183303421
2
3
1 990557628
1 151772051
1 237099077
1 949408036
1 834371336
1 428319339
1 287714228
1 474055057
1 252646781
1 749569633
1 173066071
1 897331849
2
1 148892587
1 85705622
1 595633609
1 677891602
3
3
1 643903432
1 436086249
1 162330574
1 45310250
1 669056049
3
1 872717285
2
1 59350360
1 37062250
1 526813361
1 773934927
1 598162694
2
2
1 30492091
1 520275589
1 77911940
3
1 979144670
1 462503437
1 557699154
3
3
3
2
1 217091733
1 768940692
1 41759121
2
2
1 488968910
3
1 531305957
3
1 341999375
1 540810794
1 107889235
2
1 977124084
1 979575865
3
3
1 356534511
2
2
1 806086949
1 971080393
1 888892649
1 329330748
1 865321177
1 848254181
1 235530342
2
1 539760810
1 718071937
1 767924662
2
1 595489750
2
1 995880390
1 755447540
1 264322064
1 221883845
1 652042634
1 932809764
2
2
1 91024197
1 837930019
1 792181345
1 43842365
3
2
3
1 783864563
2
1 950179720
1 308997388
2
1 502190508
1 623091584
1 430118656
2
2
1 196709005
3
1 911212218
1 332136567
1 58838979
3
1 945298643
1 447552661
3
2
1 130562698
2
1 476495484
2
1 707239171
3
1 727244783
1 564702579
1 680604586
1 689516912
1 545087788
1 757527923
1 290030538
1 823954824
1 881096410
1 455683041
1 168434678
1 25860365
1 449534263
1 251050049
1 830406522
1 243922834
1 914890910
2
2
2
1 623717039
3
1 438328205
3
1 882994813
3
3
3
2
2
1 423481886
1 755415800
1 167571668
3
3
1 568691190
1 206519644
3
1 517918254
1 929338698
2
3
1 521712235
1 983834375
3
1 644365860
2
2
2
1 176021975
2
1 582636836
2
1 652021792
1 76601189
1 696981579
1 939019830
1 546056086
1 133423003
1 943181064
1 716914721
1 455311806
1 642539906
1 489132325
1 922142444
1 648647995
1 266413377
1 298178769
1 310035281
1 385933259
1 171229729
2
1 790309808
1 540894744
1 37816276
2
1 90799418
2
1 218463278
3
3
1 883683750
1 1306966
1 820706540
1 571028101
1 664119702
1 662057992
1 330538878
1 905474738
1 852436733
1 347965429
2
1 36801240
1 689838362
3
1 168076992
2
1 21909930
2
1 295276992
1 546001968
1 746480073
1 878065119
1 270427700
3
3
1 742611433
1 410853353
1 764805714
3
1 576773759
1 80773968
3
1 896744180
1 345069023
1 56685772
3
2
3
1 494604945
1 756870982
1 248113232
1 967885158
1 264997184
3
1 872717822
2
1 501866346
3
1 442003696
2
1 688372183
1 769517981
1 394002882
1 695177620
1 273524595
3
1 821750989
2
1 699106153
1 625192810
1 128010708
3
1 893439836
2
2
2
1 185554762
1 500302421
1 671577933
3
1 316385690
1 562336593
3
1 918301742
2
2
1 284088561
1 168903318
1 996682776
1 508694212
2
2
1 676853701
1 6652998
2
1 385571097
1 246688165
1 964627115
1 127547912
1 52783102
1 735366449
1 788828875
2
2
2
1 288911747
1 31113393
1 165716853
1 862265981
1 10334725
1 738027948
1 321872740
1 714968962
1 397732341
2
1 406692961
3
1 300708103
1 416836794
1 137364695
1 99549424
1 96387597
1 297765597
1 689812232
1 440797600
1 593829045
1 320535047
1 229406934
1 418946262
1 742297151
3
2
2
1 587436583
1 529279713
3
3
3
1 656342447
1 442579801
2
1 526775577
1 964278227
1 350933930
1 271333097
1 602424846
1 575900363
1 868767527
1 400854722
3
1 787905028
1 799703550
3
3
1 773292989
1 922161448
1 361044473
1 372027207
1 622420445
2
2
1 782345958
1 951171803
1 328832802
1 968104575
2
1 34932702
1 959147124
1 598284866
1 295748399
1 70553187
1 553678339
1 358104343
3
1 948099543
1 937938650
1 749933560
2
1 262980042
1 241661822
3
1 59195288
1 746716980
3
1 500343741
1 118026160
1 511492186
3
1 230320534
1 971849840
3
2
2
1 629337723
2
1 398762547
2
1 637640453
1 359242131
1 107792856
1 526958677
1 958792990
2
1 820902558
1 411450483
1 230833913
1 931961385
1 202873986
3
1 383779437
1 328468765
1 80705280
3
1 897518448
1 658737458
2
2
1 837844622
3
1 294257320
1 41257472
1 862282836
1 292639092
1 489251143
3
1 311664209
3
1 975002454
2
1 331101151
3
1 558170683
2
1 277508787
1 605761682
1 644228733
3
1 373200141
1 192435486
1 887858951
1 579150870
3
1 342412672
1 801123521
2
1 417533851
2
1 626215995
3
2
1 130257520
1 223077774
3
1 417262657
3
1 608294616
3
1 66234408
2
3
3
1 391486837
1 734164693
2
2
1 532849840
3
3
1 512982858
2
2
3
1 262499787
2
1 133347116
2
3
1 756264824
1 681201916
2
1 951535555
1 457621230
1 872784385
1 777789164
1 412488147
2
1 103379493
1 498860259
2
1 338196378
1 68000026
1 435419417
1 517549423
1 545957308
1 735451559
1 848901952
3
1 711956758
1 292671433
2
1 259139637
1 447407168
1 89233987
1 653701231
2
1 200469040
3
1 818104977
1 789836834
1 209441914
1 61044930
3
1 59840112
1 244375737
1 519195423
3
3
1 734343383
1 978903989
1 736588297
1 181587304
2
2
2
1 345448665
3
1 222775222
1 680616332
1 209402222
1 581483952
2
2
1 639633837
3
1 146442595
1 417341789
1 589422804
1 697520839
1 802147752
2
1 41758388
2
1 915196415
2
1 743888951
1 353683377
2
1 399772138
2
3
1 573942667
2
1 32042414
1 752371544
2
2
3
1 33638320
1 794869161
3
1 180495447
1 591230660
1 865757091
1 768804292
1 181720367
3
2
3
2
1 531714129
2
1 802231616
1 772325133
1 356447148
1 112461302
1 548055087
3
3
2
1 791868830
3
2
1 102288311
3
1 564530744
1 450858858
1 953341464
3
3
1 440766842
1 293013320
2
2
1 924797310
1 649290047
3
1 988032594
3
1 173246695
3
3
1 241982291
1 894109440
1 443331181
1 960779428
2
1 493686188
1 815134946
1 216947375
3
3
1 215950083
1 863118483
3
3
1 233630275
1 376269941
1 975259342
1 294554430
2
1 399420479
2
3
1 585751022
1 356075546
1 766443186
1 154531401
1 942942030
1 494659027
3
2
2
1 702616649
1 685365223
3
1 87921814
1 639855980
1 38632862
1 965295238
1 995633807
1 20854840
1 172662583
1 991400378
2
1 306397454
2
1 727474454
2
2
3
2
3
1 97772371
1 248179618
2
1 69060718
1 603967676
1 762391642
2
1 316312455
3
1 705196349
3
2
3
1 43687594
1 10669732
1 953932696
1 381051739
1 501949938
1 175098173
1 499560400
2
1 923817871
2
1 625530391
3
3
1 990304794
1 599884304
1 954467804
1 848497187
1 581926974
1 937979463
1 676559956
2
2
2
1 993572672
1 930208271
3
1 29906912
1 416830407
2
2
3
1 271201912
2
3
2
1 769254775
1 405053603
1 697991433
2
1 254347478
1 395957332
1 281444692
1 616906255
1 500741853
2
1 640725587
1 622805923
1 333377649
3
2
1 853732208
1 270630599
3
1 254939013
1 648770617
1 421722993
1 446206124
1 668016223
3
1 111465598
1 200707378
1 60832014
1 657653050
1 746948384
1 73894201
1 187164929
3
1 62386344
1 800498476
3
1 266192780
2
3
1 445387205
1 608253501
1 415297896
1 442341129
1 624901433
2
3
2
1 401351055
1 272255147
1 868901542
2
3
3
1 636131291
1 119916142
1 184880610
1 274934007
3
1 457243814
1 234289522
1 83669847
1 651971054
1 537674092
1 6371872
2
1 357325931
1 630428620
1 965994974
2
3
1 220004431
1 93871364
1 690748507
1 713544713
1 559644687
1 803184204
3
1 427493372
1 625058969
2
1 478275171
3
2
2
1 579577809
2
1 41633067
1 227400206
1 92397102
1 20314446
1 360131492
1 260430864
2
2
1 177484020
1 76028911
1 747778121
1 237606003
3
1 317523878
3
1 370537345
1 360807963
1 289103038
1 978520090
1 3415456
1 554777169
1 203386546
1 602335708
1 385354159
3
3
1 243993030
1 800025905
2
3
1 679232460
1 158955700
1 696526298
1 980812640
3
1 601353107
2
1 338504888
1 382431923
1 647525095
1 357828763
2
2
1 40398679
3
1 945265852
1 464424131
2
1 161884662
1 166916519
1 356260011
1 940226096
3
1 318378230
1 946244572
1 114398634
1 749041175
2
1 929051152
3
1 301349787
1 349817931
1 64783131
3
1 155581874
1 168056082
1 386585287
1 128183334
3
1 355562550
3
1 741375626
1 172326462
1 17556979
1 621583744
1 793124827
2
2
3
1 42709563
2
1 302217027
1 90733503
1 628203276
1 333544946
1 555544680
1 160542567
1 659042266
1 195156657
1 910648853
1 290369462
1 58221120
1 300592107
1 932192306
1 323468443
2
1 867982870
1 634303074
1 20784049
2
2
3
1 465833201
1 896771835
2
1 176344558
3
1 880805661
1 212504345
3
1 538984921
1 672148525
1 917531414
3
1 1759806
1 170895347
2
3
1 470651602
1 130144396
1 796950311
1 197737006
1 835080351
2
2
1 836034781
2
1 486238104
2
2
2
1 381866863
1 895652719
2
3
1 390391027
1 85930069
1 355146125
1 692841096
3
1 938618959
2
2
3
2
1 632369575
3
1 233199775
1 254973673
2
2
1 552185375
2
1 408378569
1 883956154
1 529059173
1 290749862
3
1 242567783
1 397332743
3
1 369517
1 237209934
1 554271938
1 902635368
3
2
1 518466586
1 981203612
1 572846623
1 183986726
1 157926131
1 70579050
3
1 900086807
1 139974410
1 503060951
2
1 314005958
1 461095211
1 237325981
2
1 997561137
3
1 949306825
2
1 370823890
1 670390884
1 431489618
2
1 39237935
1 785859119
3
3
1 841470548
2
1 646661118
1 197720288
1 338630764
3
1 84488077
3
2
3
2
1 275640708
1 382097308
3
1 453705382
1 79413548
2
1 828884636
3
1 757312174
1 736542472
1 718538195
1 806245117
3
1 602391365
1 328109319
1 252542784
2
1 119216434
1 751089162
1 16707639
1 314165207
1 729885472
2
1 991010596
1 585914460
1 934222196
1 744242666
3
2
1 970010603
1 821084250
1 713335506
2
1 640959409
1 793929167
1 395920349
3
3
1 688600802
1 518531284
1 950367732
2
1 358383215
2
2
1 513431092
1 405430578
1 726023326
1 765710358
1 516149540
1 466649533
1 216763108
1 900830060
1 927197914
1 660095081
3
1 132512386
2
1 455978570
1 850275568
1 719223657
2
2
2
3
3
1 822359169
3
1 633682332
1 748506315
3
1 754708477
1 568632990
1 325667837
1 695089445
2
1 332245826
1 904890395
1 650373835
3
2
2
1 690059707
3
2
2
2
1 911684687
3
2
2
3
1 108591357
1 445707478
1 517896072
2
1 898467124
1 926079706
1 161924614
1 609479171
1 585406424
1 488425927
2
1 903009096
1 970063915
1 16440751
1 997883473
1 182524916
2
1 478716717
3
3
1 228378976
1 111021694
1 871254119
1 499745100
1 856514962
1 696686870
3
3
1 586409751
3
1 583715762
3
2
2
1 613531313
2
1 74616490
1 998915482
1 763016054
1 484144215
1 774045923
3
2
1 414869714
2
1 660694790
3
1 800342418
3
2
1 953818843
3
2
2
1 700291110
3
1 584457581
1 794565605
2
1 380761728
2
1 749769025
1 39931285
1 158110671
2
1 244168258
1 277582210
1 713238331
1 267056008
1 758507299
1 893897984
1 400686103
1 659666239
3
2
1 837475005
2
1 686198834
1 224881171
2
2
1 113897075
1 26351010
1 376424422
1 187034807
1 594667358
2
1 203169798
2
1 184926188
1 70770525
2
1 275868845
2
1 236985558
1 552692843
1 823235169
3
1 694311158
2
3
1 903082057
1 381993373
1 218066129
3
3
1 899021703
1 263522991
3
1 978688278
1 328007292
1 980765862
1 779557676
1 92596152
1 605199861
1 447497383
1 568508373
2
1 915415644
2
1 66222436
1 727770174
1 960248961
1 342019835
1 763199645
1 983802289
3
1 604312834
1 621587712
1 711420676
3
1 504152972
2
1 83700598
2
1 606592627
2
3
2
2
1 321940884
3
1 330101752
1 68198468
3
1 114147009
3
1 532538467
1 900034510
1 872524935
1 232611374
1 322365640
1 452053215
1 364982214
1 246342651
1 840903077
1 861190972
1 756811847
1 790534721
1 473235349
2
1 58608364
1 274527053
1 150391752
1 998331541
1 685936453
1 309987672
1 395684331
1 563030158
1 522042164
3
1 88423963
1 887444443
2
1 246129105
2
1 494774549
1 217957048
1 689393941
2
2
1 878385039
1 355700632
1 148148054
1 687197228
1 175183390
3
2
1 377205953
1 584829782
1 374941559
1 778749168
2
1 780776030
2
1 669397613
1 569842305
1 12630090
1 887986377
1 184208885
2
1 700738604
1 203642599
1 526171578
3
1 151557662
1 937815382
1 300576981
1 596167983
1 820008450
1 150387356
2
1 321580362
1 807277046
1 538192610
1 198177701
1 48201882
1 817500695
1 441149624
2
1 169968665
2
1 298929684
2
2
3
1 493976655
2
1 737537013
1 63206588
2
2
1 395132565
2
2
1 166166572
3
2
3
1 670815398
1 481808753
3
1 134822654
1 749609817
2
1 751017937
1 343638377
1 606827746
1 380170292
2
1 280385365
2
1 820350021
2
3
1 60955905
1 81077914
3
2
2
1 375734410
1 849422834
1 583418246
1 187805359
2
3
3
1 118722854
1 299052464
1 78683585
2
1 101779145
1 743592534
1 855896649
1 869944396
1 774852136
2
1 251747046
1 384143880
1 154572755
1 666381475
1 871498549
2
1 237270279
1 865060191
2
2
1 589296588
1 852294576
2
1 960283805
1 798717913
1 129830468
3
1 284923675
3
3
1 959474918
1 105843425
3
1 590336112
1 255157453
2
2
1 494098451
1 54055337
1 627100793
3
1 953685696
1 184121538
2
3
2
1 78587477
3
1 996984369
1 500808703
1 600266027
1 176567314
3
1 683287597
1 85809464
2
1 463231087
1 934730643
3
1 48210101
1 305409040
1 483124555
2
3
1 476941430
1 733666506
1 945923500
1 598659745
1 256565927
1 201536917
1 461564832
1 18351354
1 242562964
1 495191300
2
1 83448346
3
1 755629995
1 584808909
1 560733136
1 367832480
1 333853047
1 565677763
1 752591654
2
1 141909143
2
3
1 237261088
1 788178501
3
2
3
1 835463980
3
1 819019028
1 303145040
1 117818187
1 795549481
1 936029508
1 622272932
1 826445452
1 835322673
1 291261318
3
1 543729679
3
1 600315708
1 182828970
1 951847764
2
3
1 479742003
1 753664673
3
2
1 358648821
1 961548318
1 332532347
1 483393620
3
3
2
1 517386637
1 685082043
3
2
1 322806863
2
1 619132602
1 751843815
2
3
1 409173708
1 49649889
1 25711994
1 371689110
1 945823068
2
1 368623460
1 362704073
1 711659272
1 626330809
2
1 651373481
1 473860077
1 814340417
1 344540054
1 855189976
1 930880128
1 900387654
1 614968308
1 846894166
2
2
1 578744067
1 640476730
1 777054397
1 658937079
2
1 409659916
3
1 872299460
1 947442492
3
1 876895120
1 818602060
1 456803315
2
1 287548865
1 41928186
1 464699448
3
1 87977829
1 358397392
1 812157607
1 273978495
3
2
1 484401316
1 541487199
2
1 418482387
2
1 34964535
2
1 574434895
2
3
1 499335774
1 243716372
1 793857854
1 489595779
1 774978574
1 565210085
1 638608730
1 979052442
1 238276450
1 411242706
1 117162074
1 927191248
1 687110820
1 957238315
1 372966679
1 439308040
1 174283579
1 917461344
1 491146122
3
1 107697421
2
1 782756099
2
1 288522558
1 138422664
1 82906152
1 858591797
1 243633979
1 411881123
3
2
1 262211749
1 247873925
1 116411634
2
1 213868800
1 889620283
1 947797908
1 647483452
1 287051901
1 35660587
2
3
1 545870695
1 142470169
1 765680196
1 387422337
1 938016068
2
2
1 744473693
1 335491918
1 167689785
3
3
1 729355377
1 612167840
1 188261841
2
3
1 716497559
1 309255575
1 2028212
1 960791794
1 104992264
1 639966836
1 960409257
1 787344740
1 689800476
1 219388568
3
2
1 515536057
1 560422220
1 414425730
1 744409231
1 669681409
1 301047089
1 421954516
3
1 749473820
1 561062802
2
1 823756622
1 236876360
3
3
1 3145752
1 452388561
1 762948028
1 1029394
1 679789549
1 503756124
3
3
1 557718092
1 359151895
3
1 810054217
1 696726009
1 126109121
1 773221752
1 782105420
1 101980491
1 71092990
1 910455088
1 960930252
1 845796
1 507153358
1 277366121
3
1 630170631
3
2
2
3
2
1 901098036
3
3
3
1 939385365
1 389186104
1 252289200
3
1 454354429
2
2
2
1 777191107
1 988716894
1 687702269
1 573398133
1 979470080
1 473264019
2
2
3
1 894646851
1 458993734
1 820343673
1 252517075
1 722481130
3
1 227678284
1 375202235
1 746925142
1 216089321
2
1 745340245
1 646806390
1 415151311
1 953002809
3
1 661316570
2
1 751927190
2
1 249641530
2
1 492028416
1 908867707
1 258200884
1 568935818
1 62126975
1 363433363
3
1 482624502
1 5780641
1 800324842
1 683870223
2
1 676606846
3
1 544242298
1 263357541
2
1 95022032
2
3
1 350167224
2
1 665304899
1 310789882
1 395873360
1 304117015
1 304183982
1 584980987
2
1 317136785
2
1 41523737
1 616670333
3
1 800797832
3
1 152871860
2
1 138042616
1 771007938
1 240617163
1 764707160
1 783986062
1 953118802
1 239058767
1 140155669
1 63845726
1 877363053
2
1 243178599
1 675878099
1 722543210
1 600266366
1 292401445
2
1 584335619
3
3
1 175599068
1 351237543
1 608871760
1 202974703
1 544829568
1 974480389
3
3
2
1 592355657
1 419146832
1 838242645
1 420753440
3
1 281865267
2
1 462410441
1 119972256
1 727801926
3
1 349187175
1 958048869
1 244255201
1 560007975
1 346366382
1 30138449
1 541235128
3
3
3
2
3
2
3
1 775163228
3
1 924067425
3
2
1 277126374
2
2
1 658808502
2
2
1 142185286
1 904649829
1 199656238
1 377792018
1 174955112
1 268541685
1 264088718
1 386836181
1 223391519
1 440355190
1 658686394
1 712704738
2
1 573041728
3
1 811348918
3
3
1 139725120
1 397059928
1 837132199
1 492144172
3
1 811589397
1 351839981
1 776180012
1 974225342
1 427526143
1 922734730
1 536121904
1 959588868
1 979821203
1 304112690
3
1 354054865
1 635111662
1 743072034
1 227114552
3
1 185600045
1 386440064
1 474347650
3
1 43722291
1 978542275
3
3
3
1 386505959
1 100212
2
2
1 112615649
1 415468041
1 904231384
2
1 97770210
1 343541760
1 817176048
1 665404447
3
1 649401938
1 479807207
3
3
1 848954213
1 216043407
2
1 832148475
3
1 361783941
1 370378202
3
1 480548605
1 181325798
1 9886136
1 84277793
1 889794521
1 15772416
3
3
1 26333277
1 273822490
1 172148215
1 943176773
1 966737837
1 375033197
3
2
1 603586396
1 450795285
3
3
1 955025777
1 44458692
1 441934266
1 118351004
1 419545660
2
1 454914852
1 139224662
3
1 948729719
1 518642840
1 262413294
2
1 628063598
1 942816859
1 455376176
1 524423812
1 126593342
1 119455296
1 727247681
2
1 335305561
1 805960949
1 991958126
2
3
1 65646729
1 670653372
1 719327698
1 167132503
3
1 314979258
3
1 661237262
1 879191846
1 720638873
1 6069314
1 726366719
1 826947029
3
3
3
3
1 325304993
1 837680554
2
1 241176674
1 597674113
1 531763519
3
1 9218752
1 493946760
1 543562892
1 507087990
2
1 366876835
1 60564361
3
1 754544278
1 283120962
1 300798298
2
1 722325307
1 153625504
3
2
1 858715986
1 274180755
1 278838926
1 638473096
3
2
1 598278531
1 562646310
3
2
3
1 232289682
2
1 584172127
2
1 302865223
1 758014529
1 73047795
1 854598561
1 338430050
1 910330915
1 835985860
1 426802015
1 343929258
2
2
1 77905735
3
1 664484548
1 551204567
1 76532448
1 602273889
1 369194799
2
1 368544751
1 15912728
1 330476290
1 726249719
1 374963252
2
2
2
1 276862578
1 43319305
1 115172712
1 701824622
1 451386860
1 537072975
1 515808120
1 636763304
1 918326167
1 675371427
2
2
1 299696352
3
1 458730992
2
2
3
3
1 956198439
1 385900540
1 283926801
2
1 247109454
1 872262818
2
1 406740101
1 649626765
1 404444750
1 802157430
1 295539363
2
1 270137594
3
1 945256557
1 185798922
3
3
2
1 577392505
1 487507807
2
2
2
1 181105208
1 767289752
1 142336962
1 121801831
1 981417058
3
1 689345914
3
1 795741959
2
1 104375143
1 363243
1 99381733
1 374294073
1 770056599
2
2
1 366313794
1 635974692
1 168302397
1 212336000
1 341460401
1 535112283
1 815322330
3
3
1 66769732
1 507699062
2
3
1 200703492
1 102631723
1 777313070
1 870089116
1 534953241
3
1 429017580
3
1 856929
3
2
2
1 322689028
3
1 19191391
1 877985782
3
2
3
2
1 475627703
1 115080685
1 26243381
2
1 790977584
1 138163506
1 798762616
1 884612158
1 938353405
1 577623890
3
1 947383245
1 172695671
3
1 953590100
3
1 544800203
3
3
1 324521853
2
2
2
1 659724947
3
1 969907675
1 476740664
3
2
3
1 673175096
1 302825358
1 702675795
3
1 412638973
2
2
1 564757
1 809659895
1 455135427
1 565834883
3
1 338583133
1 507008757
1 429277554
1 535163925
3
1 105108054
1 409581487
1 234290343
1 238175802
1 230542773
2
1 821863406
2
1 769161747
1 712582207
1 724460812
1 535794664
1 558061521
1 720187172
1 330008725
3
2
3
1 326427866
1 425301459
1 660399077
2
1 494730556
3
1 230849631
1 730180799
3
1 224392410
2
1 484074984
2
1 364379084
1 827523135
2
1 176781523
3
3
1 198546730
1 401187009
2
3
2
1 558422903
1 441204382
1 959827561
1 917486060
1 641255378
1 642289802
1 327338911
2
1 446884228
1 579486188
1 855354711
2
1 270513607
2
1 773807318
1 914726679
1 511566503
1 662446426
1 520852167
1 829166151
1 350859037
2
1 124588481
2
3
3
3
1 233137973
1 271081873
1 51690382
3
1 414385745
3
1 852471687
1 315351853
3
1 743154169
1 584598352
1 116974279
3
1 395524842
1 60184901
3
1 333007981
1 680810940
1 100017562
3
1 228769715
1 311376047
1 486596944
1 709981517
1 864341830
3
3
2
1 789555387
2
1 656195361
1 899870285
2
1 416887867
1 991710344
3
1 689812048
1 103991194
1 103414525
1 489897683
1 572723618
1 245216754
2
1 878470697
1 454259683
3
1 841291649
1 132171434
3
1 485295588
2
2
1 64624511
3
1 639096602
1 444920548
2
1 162370439
3
1 56019219
1 621505158
3
1 416890635
1 240048037
3
2
1 658423098
3
1 308004900
1 256856744
3
1 743767709
2
1 337826530
1 222912294
1 535634178
1 327455145
1 607475322
1 312162449
1 49024378
3
3
1 234374693
2
1 575660937
2
3
1 625474275
3
1 5247571
2
3
2
1 811500302
1 978779601
3
1 319954120
1 629486921
2
1 725803576
3
1 20353696
2
1 982152955
3
3
1 462712734
1 29937953
1 642042022
1 607376492
1 421204279
1 350635085
2
1 621032398
1 319869795
1 833906264
2
2
1 358901419
1 46748108
1 450854423
1 319763100
3
3
1 244832743
1 159301494
1 855374418
3
1 152563503
1 92832784
1 871045814
1 301730686
1 411315407
1 939846522
1 179286333
1 337320290
1 321931141
3
2
1 220833068
1 399707147
1 830072829
1 281806317
3
1 865833794
1 160026992
1 491195500
3
2
1 843149511
2
1 987588485
1 853870298
1 601876839
1 45233001
1 73031310
2
2
3
1 813514180
1 660983661
1 943895872
1 404461569
1 204958654
1 354048316
1 615425171
3
2
2
1 522466766
2
3
1 577450165
1 241015727
1 388397904
1 265649498
1 971292925
1 355865055
1 795128123
1 197908261
1 196709867
1 25372568
1 663057298
3
3
1 121829268
1 363501493
1 398723706
1 544819968
1 145288749
1 222762292
1 650072632
1 258569992
1 171449353
1 262019889
2
1 743306704
1 141416502
1 410044786
1 784848853
1 542688940
1 760890574
1 530703957
1 589128041
1 539056183
2
3
1 897106256
2
2
1 199823372
2
1 999310105
3
1 426461079
2
3
1 331884507
1 218239312
1 598224818
3
1 697883019
2
2
1 571528047
1 999298171
1 66759523
2
1 89479734
1 960624674
1 386796410
1 768421992
2
1 393215337
1 584605553
3
1 494232008
1 519487175
1 457452954
1 819679247
2
1 64421934
1 393573372
1 324177936
2
1 863179491
2
1 791951483
2
1 319686037
1 488975551
1 208929720
3
1 376933373
2
2
1 756349179
1 203812592
1 21515137
1 252085116
2
1 817831916
1 825124504
1 638059854
1 62788086
1 928000543
1 203732048
1 301828221
1 540325269
1 443807288
1 600944774
1 925359891
1 742281462
1 569897216
1 283630602
1 864824936
3
2
2
2
1 256556749
2
1 864006364
1 64963337
1 912622806
1 496738590
1 881013774
2
3
1 426089609
3
3
1 148577938
1 49331723
1 578840305
1 381084760
3
1 296243402
2
1 529766890
2
1 329303585
1 232320002
1 682936235
1 134479850
1 576075572
1 548234558
1 28744107
3
2
2
1 753148338
1 929079398
2
1 851749927
3
2
1 4442602
3
3
1 522875826
2
1 802579684
1 109181445
1 417413929
1 230546703
1 69626373
2
1 869254879
1 996699633
2
1 641101404
1 182049996
3
1 799072295
1 213774886
2
3
1 706542405
1 28280481
1 775868808
1 714881898
1 898707933
2
1 556302455
1 280359748
2
2
1 483045793
2
1 391735207
1 995155496
1 801904161
1 183122161
3
2
1 572485399
1 768152702
1 539496291
3
1 774340437
3
1 945062403
1 824041517
1 63777642
1 877409686
3
3
3
1 889946645
3
1 903204231
1 928453704
1 644072103
1 651620930
1 991097700
1 422100152
2
3
1 438846596
3
1 919143140
1 83344456
2
1 633053633
1 533853191
2
1 445846075
1 901289658
3
1 982385708
1 442124552
1 623126375
1 105080619
1 811486465
2
3
1 630028513
2
1 410230574
1 583562321
3
1 898154422
1 524486085
2
1 569387033
2
1 217580311
1 672337589
1 653133881
1 631594625
1 629570387
1 564225746
3
2
1 23169712
1 5677533
1 814320149
1 940461648
1 147053613
1 498727235
1 451382166
1 130569510
2
1 929533548
2
1 153868686
1 635258317
1 919247571
2
2
1 357721942
1 88777383
2
2
1 817534251
2
1 902165872
1 528228255
2
1 485565484
3
2
1 816648724
3
1 860748142
1 363474716
3
1 86417160
1 419190815
3
1 330050621
1 713485806
1 732896387
1 506163976
1 33875308
2
1 673936334
2
2
2
1 432090092
1 838068554
1 940193853
2
1 844224707
1 599589312
2
1 683335021
1 563215841
3
1 194875764
1 441542409
1 646512460
1 800623426
1 135284148
1 76361792
2
1 245452844
2
1 900195096
1 251778893
1 400411746
1 797847150
1 987377497
1 940632819
3
1 542165062
1 898407768
1 125836690
3
1 271036461
1 335898698
2
2
1 345911464
3
1 320280724
1 948864190
2
1 722262489
1 275533424
1 408968924
3
1 164771649
3
3
2
1 734691029
1 22617224
1 786258216
1 685063919
1 617395238
3
1 383795502
1 746272653
1 865864026
3
1 801634833
1 693184131
1 421272943
1 673832492
1 537603626
1 490189051
1 953117064
1 372780132
1 475609405
1 661515630
1 416040882
1 414148340
1 924865602
1 533387743
1 178382711
1 554010477
1 306909521
2
3
3
1 108596885
2
2
2
1 234109529
1 46823825
2
3
1 20507023
1 544977412
1 645067927
3
1 801075756
2
1 876952301
1 881361561
1 64426264
3
1 566977284
2
3
1 318480668
3
1 121928528
1 557065247
1 827125075
1 7405506
1 147339167
2
1 445143110
1 117251967
2
1 702233124
2
2
1 432706691
3
3
1 428375544
1 243572350
1 385623889
2
3
1 95295826
1 710363244
1 705344238
2
1 894043940
2
1 661342364
1 288509763
3
1 644455202
1 840955533
1 277013309
3
3
1 482615471
1 855880375
1 752014902
1 346848220
1 735500464
1 5775700
1 999096161
3
1 586935373
1 46487925
1 970765534
1 903154506
1 94331948
3
1 165605686
1 760218303
1 396293148
1 720260665
1 675386484
3
1 978505961
1 560982127
1 671541462
1 332072219
3
1 975743636
1 326775680
1 134028649
2
3
1 797188918
1 143853048
1 884004313
1 115003326
2
1 473352021
1 115287605
1 304543249
3
1 983199156
1 530264423
2
1 351479741
1 274434583
2
1 167204423
1 244830197
1 53385775
1 586218804
1 474248551
1 969886615
1 941421400
1 848133008
1 459578126
3
1 488715541
3
1 647670041
1 153976734
3
3
2
2
3
1 655761281
3
1 46673907
3
1 767311784
1 11268528
3
1 645626766
3
1 635385922
1 343157846
1 320424959
1 426613049
2
1 550885797
3
1 711346875
1 136548407
3
1 37696032
1 834378404
1 555288707
1 603494493
2
1 797030551
3
1 650695904
3
1 627736963
2
1 656932451
1 145924668
2
3
1 134209143
1 80717669
1 780671428
2
1 11648610
1 234223963
1 856255803
3
1 976758514
1 796039476
1 434071366
1 784476332
1 679282449
2
