28
45
63
71
77
99
86
59
71
66
74
20
63
14
30
79
46
76
25
73
43
65
99
49
23
80
80
97
85
18
23
12
14
38
34
91
36
20
1
6
85
74
77
99
39
58
30
84
34
6
8
76
22
7
76
96
38
55
92
22
73
67
34
86
4
19
76
91
90
28
49
75
2
25
25
40
83
6
76
68
11
83
95
84
41
70
79
79
25
23
100
97
89
85
34
92
56
62
82
45
89
82
71
90
7
96
82
41
53
57
60
64
91
54
47
32
75
78
10
51
100
61
99
88
98
33
31
53
94
64
97
82
46
68
24
4
15
5
96
67
13
55
30
3
60
29
86
86
58
95
37
57
8
35
96
5
67
26
57
12
41
53
94
38
72
69
41
86
25
88
53
37
42
34
91
53
14
77
39
71
23
75
27
82
61
74
86
28
99
94
91
92
47
84
29
70
4
22
56
28
9
60
16
3
93
7
55
59
35
45
29
9
71
8
91
32
81
28
11
32
22
1
75
20
37
3
89
40
76
96
68
85
55
35
87
100
93
93
58
27
90
38
88
60
45
78
91
78
57
1
9
78
54
83
97
90
37
38
29
13
33
48
49
88
83
35
39
75
79
96
54
68
33
93
80
30
22
70
7
78
23
67
56
76
1
4
65
37
41
45
1
74
93
49
13
27
35
51
53
14
98
58
33
82
50
12
11
71
34
69
1
8
35
56
83
87
11
99
76
4
95
76
77
87
25
41
65
59
43
18
24
40
27
9
21
77
20
84
99
5
52
99
12
39
6
46
25
17
96
100
20
91
76
48
29
52
40
94
62
82
63
38
73
89
46
45
17
17
28
16
22
80
66
85
70
24
83
94
40
78
46
11
20
73
10
49
24
1
42
37
34
56
74
6
44
19
50
13
88
30
80
9
61
45
45
30
68
27
23
59
57
68
21
76
40
82
24
15
82
17
52
15
72
77
72
68
48
74
32
35
3
11
95
63
7
39
92
27
18
66
85
74
86
58
49
77
39
73
92
73
41
95
39
13
71
11
32
18
36
63
4
38
73
98
52
31
37
95
57
54
60
94
79
97
51
27
74
41
51
17
65
92
63
4
56
85
66
39
55
1
1
58
90
25
56
41
55
44
87
64
49
98
57
27
95
59
5
20
51
56
36
16
99
50
71
54
34
36
92
88
88
44
98
77
20
53
69
26
48
7
89
96
4
45
74
98
3
78
17
54
85
4
21
83
53
91
88
87
78
31
26
65
74
23
93
45
27
13
71
74
19
59
21
22
4
94
72
58
24
88
63
8
44
83
91
96
25
30
34
2
61
12
18
86
34
62
83
61
74
53
86
44
11
7
66
66
100
89
24
75
28
38
83
71
21
25
19
97
54
4
51
66
15
68
4
49
30
86
61
55
38
98
99
100
4
16
66
56
56
41
30
83
78
12
54
50
88
24
99
42
27
49
59
42
16
62
42
97
47
54
4
36
51
54
36
55
21
53
62
76
93
91
58
22
55
63
24
94
86
22
35
13
70
46
6
37
7
47
34
6
100
89
93
50
42
80
56
62
32
69
89
76
60
98
98
66
61
73
59
98
94
46
62
15
43
67
51
1
65
36
58
16
24
51
66
17
30
73
30
14
42
18
89
53
16
38
70
28
10
80
25
55
77
87
69
19
53
20
20
70
55
29
85
31
79
2
47
61
75
77
74
68
46
14
72
61
52
41
88
13
72
65
68
49
51
88
19
55
7
90
24
14
19
9
44
49
10
42
9
36
70
34
3
16
100
74
28
51
66
68
15
38
32
34
86
34
22
56
88
80
46
64
93
64
24
88
12
33
82
73
21
51
6
75
66
5
1
46
7
66
13
22
55
96
7
92
29
28
48
68
8
93
31
52
56
54
92
19
39
25
91
59
75
97
33
93
53
85
38
60
51
2
33
5
97
39
97
25
19
44
92
78
88
75
81
43
80
24
61
18
48
52
28
75
100
13
67
52
97
56
63
99
9
47
4
5
86
52
81
56
47
24
33
34
98
65
28
78
89
40
47
36
43
75
10
42
39
28
46
35
35
60
34
43
7
89
99
44
40
79
99
86
55
83
71
4
47
98
81
87
37
80
23
80
54
84
73
44
64
18
78
98
78
63
93
36
51
91
79
42
22
29
79
76
11
49
79
9
46
12
96
83
91
70
14
96
5
86
91
68
56
68
66
85
83
10
20
85
100
98
27
73
26
5
100
88
54
31
96
51
94
43
33
84
12
98
31
69
84
73
36
91
40
53
75
74
62
94
59
14
43
37
86
20
41
86
7
46
68
54
97
61
97
81
96
60
79
78
28
14
50
16
4
41
68
30
15
30
75
73
43
17
9
80
88
1
17
94
47
84
99
95
44
47
75
39
59
5
16
38
70
65
53
25
6
21
54
20
2
28
44
96
96
4
75
83
56
92
28
54
75
27
48
71
25
75
9
83
79
77
21
1
41
73
25
98
45
79
69
46
58
12
41
54
67
68
88
23
59
68
76
85
46
76
55
70
50
16
53
80
92
25
80
32
49
5
30
94
35
50
91
92
14
84
97
80
51
85
54
61
52
82
97
49
57
52
18
58
67
22
37
58
46
17
41
95
73
22
40
7
72
82
50
85
65
47
16
67
83
22
79
86
3
76
34
11
79
51
68
45
25
4
54
70
72
46
16
96
20
55
54
43
89
4
27
5
2
94
72
84
15
50
21
69
77
6
79
55
8
46
51
32
2
56
2
25
2
69
73
73
76
26
15
64
29
93
68
82
86
91
17
53
93
37
21
69
42
100
76
2
97
26
33
50
82
86
27
35
55
99
7
82
76
21
45
57
13
64
38
50
55
55
2
47
43
75
67
37
26
42
38
74
68
70
24
1
8
2
35
14
52
93
95
27
65
91
35
29
54
73
78
8
79
32
6
21
6
25
57
31
66
46
4
85
68
79
85
75
32
71
88
83
15
34
62
79
24
48
7
77
20
37
37
50
68
94
71
25
18
79
7
36
77
10
20
44
41
57
18
72
79
57
7
94
90
20
24
13
67
83
41
39
71
77
40
90
71
62
14
40
41
20
75
69
81
95
12
73
3
81
45
81
37
3
26
78
74
2
90
92
36
30
30
6
59
70
95
81
31
60
20
23
79
47
91
11
93
54
84
95
34
80
27
70
34
5
99
7
6
88
98
93
70
80
98
80
49
44
60
31
3
31
6
33
77
96
43
21
50
78
15
35
57
94
57
90
98
55
48
55
95
46
47
64
25
96
95
25
39
6
55
41
88
60
25
65
8
67
37
9
97
52
43
53
45
99
95
94
54
42
48
100
39
46
15
63
41
9
87
79
14
94
71
1
5
95
17
64
13
54
72
9
57
67
14
53
17
60
46
22
1
45
21
92
90
35
54
30
43
93
60
8
38
30
61
42
24
29
6
36
82
29
97
90
47
10
42
64
69
39
37
21
83
10
64
24
44
18
53
39
62
12
98
51
41
58
92
16
87
49
4
20
30
100
10
28
61
3
43
81
42
80
53
76
89
17
100
84
86
52
22
99
16
20
49
8
29
92
24
67
41
27
87
22
78
96
49
90
50
92
70
91
71
74
67
11
90
66
94
75
69
68
25
84
39
73
92
67
65
15
34
57
93
72
78
22
67
26
11
16
69
32
59
91
5
25
1
95
42
47
21
10
14
98
94
52
70
37
70
34
3
3
42
47
74
19
68
92
97
30
60
65
61
70
56
65
46
56
11
87
54
84
48
67
81
93
18
2
29
88
36
31
42
77
77
68
48
96
11
44
25
70
60
85
39
15
2
36
